# Data generated: 19-Dec-2023 21:55:28

data; 

param N := 175.000000000000;
param M :=   5.000000000000;
param nBus :=  50.000000000000;
param nT := 120.000000000000;
param beta :=   0.975000000000;
param inithetaCost :=   5.000000000000;
param iniRC :=   8.000000000000;
param iniEV :=   0.000000000000;
param xt : 
	1		2		3		4		5		6		7		8		9		10		11		12		13		14		15		16		17		18		19		20		21		22		23		24		25		26		27		28		29		30		31		32		33		34		35		36		37		38		39		40		41		42		43		44		45		46		47		48		49		50	 := 
1	1.0000	1.0000	1.0000	1.0000	1.0000	1.0000	1.0000	1.0000	1.0000	1.0000	1.0000	1.0000	1.0000	1.0000	1.0000	1.0000	1.0000	1.0000	1.0000	1.0000	1.0000	1.0000	1.0000	1.0000	1.0000	1.0000	1.0000	1.0000	1.0000	1.0000	1.0000	1.0000	1.0000	1.0000	1.0000	1.0000	1.0000	1.0000	1.0000	1.0000	1.0000	1.0000	1.0000	1.0000	1.0000	1.0000	1.0000	1.0000	1.0000	1.0000	
2	2.0000	2.0000	2.0000	3.0000	3.0000	3.0000	2.0000	2.0000	3.0000	3.0000	2.0000	3.0000	3.0000	2.0000	3.0000	2.0000	2.0000	3.0000	2.0000	3.0000	3.0000	3.0000	1.0000	3.0000	2.0000	2.0000	3.0000	3.0000	2.0000	1.0000	3.0000	2.0000	3.0000	1.0000	2.0000	2.0000	2.0000	3.0000	3.0000	2.0000	2.0000	3.0000	2.0000	3.0000	2.0000	3.0000	2.0000	3.0000	3.0000	3.0000	
3	2.0000	4.0000	3.0000	3.0000	5.0000	6.0000	4.0000	2.0000	4.0000	3.0000	4.0000	3.0000	5.0000	3.0000	4.0000	2.0000	3.0000	4.0000	3.0000	4.0000	5.0000	5.0000	3.0000	5.0000	3.0000	3.0000	5.0000	5.0000	4.0000	3.0000	5.0000	4.0000	4.0000	3.0000	2.0000	4.0000	3.0000	4.0000	4.0000	4.0000	3.0000	4.0000	3.0000	4.0000	3.0000	5.0000	3.0000	5.0000	4.0000	4.0000	
4	2.0000	5.0000	4.0000	5.0000	7.0000	8.0000	6.0000	3.0000	5.0000	4.0000	5.0000	4.0000	7.0000	5.0000	5.0000	5.0000	5.0000	5.0000	5.0000	6.0000	7.0000	6.0000	4.0000	5.0000	4.0000	4.0000	7.0000	6.0000	5.0000	5.0000	6.0000	6.0000	5.0000	5.0000	3.0000	6.0000	4.0000	6.0000	5.0000	5.0000	4.0000	6.0000	5.0000	5.0000	5.0000	7.0000	5.0000	6.0000	6.0000	7.0000	
5	3.0000	6.0000	6.0000	6.0000	9.0000	9.0000	8.0000	5.0000	7.0000	5.0000	7.0000	6.0000	9.0000	6.0000	7.0000	7.0000	6.0000	5.0000	6.0000	6.0000	8.0000	7.0000	6.0000	6.0000	6.0000	6.0000	7.0000	7.0000	6.0000	7.0000	7.0000	8.0000	5.0000	7.0000	5.0000	7.0000	6.0000	7.0000	6.0000	5.0000	6.0000	8.0000	7.0000	6.0000	6.0000	9.0000	6.0000	7.0000	8.0000	9.0000	
6	4.0000	7.0000	8.0000	8.0000	11.0000	11.0000	9.0000	6.0000	10.0000	6.0000	9.0000	7.0000	11.0000	7.0000	8.0000	8.0000	7.0000	7.0000	8.0000	7.0000	9.0000	9.0000	6.0000	8.0000	8.0000	8.0000	8.0000	8.0000	6.0000	8.0000	9.0000	10.0000	7.0000	9.0000	6.0000	8.0000	7.0000	9.0000	7.0000	6.0000	8.0000	10.0000	9.0000	7.0000	7.0000	11.0000	6.0000	9.0000	8.0000	11.0000	
7	6.0000	9.0000	10.0000	10.0000	13.0000	13.0000	10.0000	7.0000	12.0000	7.0000	10.0000	8.0000	13.0000	9.0000	10.0000	9.0000	8.0000	8.0000	8.0000	9.0000	11.0000	10.0000	6.0000	10.0000	11.0000	9.0000	10.0000	9.0000	8.0000	10.0000	11.0000	12.0000	9.0000	10.0000	7.0000	9.0000	8.0000	11.0000	8.0000	8.0000	10.0000	11.0000	10.0000	8.0000	9.0000	12.0000	6.0000	10.0000	8.0000	12.0000	
8	8.0000	11.0000	12.0000	10.0000	14.0000	13.0000	11.0000	9.0000	14.0000	9.0000	12.0000	9.0000	15.0000	10.0000	12.0000	12.0000	8.0000	10.0000	10.0000	10.0000	12.0000	11.0000	7.0000	12.0000	13.0000	10.0000	12.0000	10.0000	9.0000	12.0000	11.0000	14.0000	10.0000	12.0000	7.0000	10.0000	9.0000	11.0000	10.0000	10.0000	12.0000	12.0000	11.0000	8.0000	10.0000	14.0000	7.0000	11.0000	10.0000	14.0000	
9	10.0000	12.0000	13.0000	10.0000	16.0000	15.0000	13.0000	10.0000	17.0000	10.0000	14.0000	12.0000	17.0000	12.0000	13.0000	13.0000	9.0000	12.0000	10.0000	10.0000	14.0000	12.0000	8.0000	13.0000	15.0000	11.0000	13.0000	12.0000	10.0000	14.0000	11.0000	15.0000	11.0000	15.0000	8.0000	11.0000	11.0000	12.0000	11.0000	11.0000	13.0000	12.0000	12.0000	8.0000	10.0000	15.0000	9.0000	13.0000	11.0000	14.0000	
10	12.0000	13.0000	15.0000	11.0000	17.0000	17.0000	15.0000	11.0000	19.0000	11.0000	15.0000	13.0000	18.0000	12.0000	15.0000	13.0000	10.0000	13.0000	12.0000	12.0000	16.0000	13.0000	9.0000	15.0000	16.0000	12.0000	15.0000	13.0000	11.0000	15.0000	11.0000	16.0000	11.0000	16.0000	10.0000	14.0000	13.0000	13.0000	13.0000	13.0000	14.0000	12.0000	14.0000	9.0000	12.0000	17.0000	11.0000	14.0000	13.0000	14.0000	
11	13.0000	14.0000	17.0000	13.0000	19.0000	18.0000	16.0000	13.0000	20.0000	12.0000	16.0000	14.0000	20.0000	12.0000	16.0000	14.0000	11.0000	16.0000	14.0000	14.0000	18.0000	15.0000	10.0000	16.0000	17.0000	14.0000	16.0000	14.0000	13.0000	15.0000	12.0000	16.0000	12.0000	18.0000	12.0000	15.0000	14.0000	15.0000	15.0000	15.0000	15.0000	12.0000	15.0000	11.0000	14.0000	18.0000	13.0000	15.0000	14.0000	15.0000	
12	14.0000	14.0000	19.0000	14.0000	20.0000	20.0000	17.0000	14.0000	21.0000	14.0000	16.0000	16.0000	22.0000	13.0000	17.0000	15.0000	13.0000	17.0000	15.0000	15.0000	20.0000	16.0000	11.0000	18.0000	17.0000	16.0000	18.0000	16.0000	14.0000	16.0000	13.0000	17.0000	13.0000	20.0000	14.0000	16.0000	16.0000	17.0000	17.0000	16.0000	17.0000	13.0000	17.0000	13.0000	15.0000	20.0000	15.0000	17.0000	14.0000	17.0000	
13	15.0000	16.0000	21.0000	16.0000	21.0000	22.0000	19.0000	16.0000	23.0000	15.0000	17.0000	17.0000	24.0000	15.0000	19.0000	16.0000	14.0000	19.0000	17.0000	16.0000	21.0000	18.0000	13.0000	19.0000	18.0000	17.0000	19.0000	18.0000	16.0000	18.0000	14.0000	19.0000	14.0000	21.0000	15.0000	17.0000	18.0000	18.0000	19.0000	17.0000	19.0000	15.0000	17.0000	15.0000	17.0000	22.0000	17.0000	19.0000	16.0000	19.0000	
14	16.0000	18.0000	23.0000	17.0000	23.0000	23.0000	21.0000	18.0000	25.0000	15.0000	19.0000	19.0000	26.0000	17.0000	20.0000	18.0000	15.0000	19.0000	19.0000	18.0000	22.0000	20.0000	14.0000	20.0000	19.0000	19.0000	20.0000	19.0000	17.0000	20.0000	16.0000	20.0000	16.0000	23.0000	17.0000	19.0000	20.0000	20.0000	21.0000	17.0000	20.0000	17.0000	19.0000	17.0000	17.0000	23.0000	18.0000	21.0000	17.0000	21.0000	
15	18.0000	20.0000	25.0000	19.0000	25.0000	25.0000	23.0000	20.0000	27.0000	16.0000	19.0000	20.0000	27.0000	19.0000	22.0000	20.0000	16.0000	21.0000	19.0000	19.0000	23.0000	21.0000	16.0000	22.0000	20.0000	21.0000	21.0000	21.0000	19.0000	21.0000	18.0000	22.0000	16.0000	25.0000	17.0000	21.0000	21.0000	22.0000	23.0000	19.0000	21.0000	19.0000	19.0000	19.0000	19.0000	24.0000	20.0000	23.0000	19.0000	22.0000	
16	19.0000	21.0000	26.0000	19.0000	25.0000	26.0000	23.0000	20.0000	28.0000	17.0000	21.0000	20.0000	29.0000	21.0000	23.0000	20.0000	17.0000	23.0000	19.0000	22.0000	23.0000	23.0000	18.0000	23.0000	22.0000	23.0000	23.0000	22.0000	21.0000	23.0000	20.0000	24.0000	17.0000	27.0000	18.0000	22.0000	23.0000	24.0000	25.0000	21.0000	22.0000	21.0000	20.0000	21.0000	21.0000	26.0000	22.0000	24.0000	21.0000	24.0000	
17	20.0000	23.0000	27.0000	20.0000	27.0000	28.0000	24.0000	21.0000	30.0000	18.0000	21.0000	21.0000	29.0000	23.0000	25.0000	21.0000	19.0000	25.0000	20.0000	23.0000	25.0000	25.0000	20.0000	23.0000	23.0000	24.0000	23.0000	24.0000	22.0000	24.0000	21.0000	26.0000	19.0000	27.0000	20.0000	23.0000	24.0000	25.0000	26.0000	23.0000	24.0000	22.0000	21.0000	22.0000	22.0000	27.0000	25.0000	25.0000	23.0000	25.0000	
18	22.0000	25.0000	28.0000	21.0000	29.0000	31.0000	26.0000	22.0000	31.0000	20.0000	21.0000	22.0000	30.0000	25.0000	26.0000	22.0000	21.0000	26.0000	22.0000	23.0000	26.0000	26.0000	22.0000	24.0000	24.0000	26.0000	24.0000	24.0000	23.0000	26.0000	23.0000	27.0000	21.0000	28.0000	21.0000	25.0000	25.0000	26.0000	27.0000	24.0000	26.0000	23.0000	22.0000	23.0000	24.0000	28.0000	27.0000	25.0000	24.0000	26.0000	
19	24.0000	26.0000	28.0000	23.0000	31.0000	32.0000	27.0000	22.0000	32.0000	21.0000	22.0000	23.0000	32.0000	27.0000	28.0000	24.0000	23.0000	28.0000	23.0000	25.0000	28.0000	28.0000	24.0000	25.0000	25.0000	27.0000	25.0000	25.0000	25.0000	26.0000	24.0000	29.0000	24.0000	30.0000	22.0000	27.0000	26.0000	27.0000	28.0000	25.0000	28.0000	25.0000	24.0000	24.0000	25.0000	28.0000	27.0000	27.0000	24.0000	27.0000	
20	26.0000	27.0000	29.0000	23.0000	33.0000	33.0000	29.0000	23.0000	33.0000	23.0000	24.0000	25.0000	34.0000	28.0000	30.0000	26.0000	25.0000	30.0000	24.0000	26.0000	29.0000	29.0000	26.0000	27.0000	27.0000	29.0000	27.0000	26.0000	26.0000	26.0000	25.0000	31.0000	26.0000	31.0000	22.0000	29.0000	28.0000	29.0000	29.0000	27.0000	30.0000	28.0000	26.0000	25.0000	26.0000	29.0000	29.0000	29.0000	26.0000	29.0000	
21	27.0000	29.0000	30.0000	24.0000	33.0000	34.0000	30.0000	24.0000	35.0000	25.0000	25.0000	26.0000	35.0000	28.0000	31.0000	28.0000	26.0000	32.0000	25.0000	28.0000	30.0000	31.0000	27.0000	28.0000	29.0000	30.0000	29.0000	27.0000	29.0000	27.0000	26.0000	33.0000	27.0000	32.0000	22.0000	31.0000	29.0000	30.0000	31.0000	28.0000	32.0000	29.0000	28.0000	27.0000	27.0000	31.0000	31.0000	31.0000	28.0000	31.0000	
22	27.0000	31.0000	31.0000	26.0000	34.0000	36.0000	31.0000	26.0000	37.0000	26.0000	26.0000	27.0000	37.0000	29.0000	32.0000	30.0000	28.0000	34.0000	27.0000	29.0000	31.0000	33.0000	29.0000	29.0000	30.0000	31.0000	30.0000	30.0000	31.0000	29.0000	26.0000	34.0000	28.0000	34.0000	22.0000	31.0000	31.0000	30.0000	32.0000	30.0000	33.0000	31.0000	30.0000	28.0000	28.0000	33.0000	33.0000	33.0000	28.0000	32.0000	
23	29.0000	32.0000	32.0000	28.0000	36.0000	36.0000	33.0000	28.0000	39.0000	27.0000	27.0000	27.0000	38.0000	30.0000	34.0000	32.0000	29.0000	35.0000	29.0000	31.0000	32.0000	34.0000	31.0000	30.0000	30.0000	32.0000	33.0000	30.0000	34.0000	30.0000	27.0000	35.0000	30.0000	37.0000	24.0000	32.0000	33.0000	31.0000	32.0000	32.0000	35.0000	31.0000	31.0000	29.0000	29.0000	34.0000	34.0000	34.0000	30.0000	33.0000	
24	30.0000	33.0000	32.0000	29.0000	37.0000	36.0000	34.0000	30.0000	41.0000	29.0000	29.0000	29.0000	40.0000	31.0000	36.0000	33.0000	31.0000	36.0000	31.0000	34.0000	34.0000	35.0000	32.0000	32.0000	30.0000	34.0000	34.0000	30.0000	37.0000	32.0000	28.0000	36.0000	31.0000	39.0000	26.0000	33.0000	35.0000	33.0000	34.0000	33.0000	37.0000	32.0000	33.0000	30.0000	30.0000	36.0000	36.0000	34.0000	32.0000	34.0000	
25	32.0000	33.0000	34.0000	31.0000	39.0000	38.0000	36.0000	32.0000	42.0000	30.0000	31.0000	29.0000	41.0000	33.0000	38.0000	34.0000	32.0000	38.0000	32.0000	35.0000	35.0000	37.0000	34.0000	33.0000	31.0000	36.0000	35.0000	31.0000	40.0000	33.0000	30.0000	38.0000	33.0000	41.0000	26.0000	35.0000	37.0000	35.0000	35.0000	35.0000	39.0000	33.0000	35.0000	31.0000	32.0000	37.0000	38.0000	36.0000	33.0000	36.0000	
26	33.0000	34.0000	35.0000	32.0000	41.0000	39.0000	38.0000	32.0000	43.0000	31.0000	33.0000	30.0000	42.0000	35.0000	39.0000	35.0000	34.0000	39.0000	33.0000	37.0000	37.0000	38.0000	35.0000	34.0000	34.0000	38.0000	36.0000	32.0000	41.0000	35.0000	32.0000	40.0000	35.0000	43.0000	27.0000	36.0000	38.0000	36.0000	37.0000	37.0000	41.0000	35.0000	36.0000	32.0000	34.0000	39.0000	40.0000	38.0000	34.0000	38.0000	
27	34.0000	35.0000	37.0000	33.0000	43.0000	41.0000	40.0000	33.0000	44.0000	31.0000	34.0000	31.0000	43.0000	37.0000	41.0000	37.0000	35.0000	41.0000	33.0000	38.0000	39.0000	39.0000	37.0000	35.0000	34.0000	39.0000	37.0000	34.0000	43.0000	36.0000	34.0000	41.0000	36.0000	44.0000	28.0000	38.0000	40.0000	37.0000	39.0000	38.0000	43.0000	37.0000	38.0000	33.0000	36.0000	40.0000	42.0000	40.0000	35.0000	39.0000	
28	35.0000	35.0000	39.0000	33.0000	44.0000	43.0000	41.0000	34.0000	46.0000	33.0000	36.0000	32.0000	44.0000	39.0000	43.0000	38.0000	36.0000	42.0000	34.0000	40.0000	41.0000	39.0000	38.0000	37.0000	35.0000	41.0000	38.0000	35.0000	43.0000	37.0000	35.0000	42.0000	38.0000	46.0000	30.0000	40.0000	42.0000	39.0000	40.0000	40.0000	45.0000	38.0000	39.0000	34.0000	37.0000	41.0000	44.0000	41.0000	38.0000	40.0000	
29	36.0000	38.0000	40.0000	34.0000	44.0000	44.0000	43.0000	36.0000	48.0000	35.0000	38.0000	33.0000	46.0000	40.0000	43.0000	39.0000	37.0000	44.0000	35.0000	41.0000	42.0000	40.0000	40.0000	38.0000	37.0000	43.0000	39.0000	37.0000	44.0000	37.0000	38.0000	44.0000	39.0000	47.0000	32.0000	41.0000	44.0000	41.0000	40.0000	42.0000	47.0000	38.0000	41.0000	35.0000	38.0000	42.0000	44.0000	43.0000	40.0000	41.0000	
30	37.0000	40.0000	40.0000	34.0000	45.0000	46.0000	45.0000	37.0000	49.0000	38.0000	40.0000	35.0000	48.0000	42.0000	43.0000	41.0000	39.0000	46.0000	37.0000	43.0000	42.0000	41.0000	42.0000	38.0000	39.0000	44.0000	40.0000	37.0000	45.0000	39.0000	40.0000	45.0000	41.0000	49.0000	33.0000	41.0000	46.0000	41.0000	40.0000	44.0000	49.0000	40.0000	43.0000	36.0000	40.0000	44.0000	46.0000	46.0000	42.0000	42.0000	
31	39.0000	42.0000	42.0000	36.0000	47.0000	46.0000	47.0000	39.0000	51.0000	40.0000	41.0000	36.0000	50.0000	43.0000	43.0000	43.0000	39.0000	48.0000	37.0000	44.0000	43.0000	43.0000	44.0000	39.0000	41.0000	46.0000	41.0000	38.0000	47.0000	41.0000	42.0000	47.0000	42.0000	50.0000	35.0000	43.0000	48.0000	43.0000	41.0000	46.0000	50.0000	42.0000	45.0000	37.0000	42.0000	45.0000	47.0000	48.0000	43.0000	43.0000	
32	41.0000	43.0000	44.0000	37.0000	49.0000	49.0000	49.0000	40.0000	52.0000	40.0000	43.0000	38.0000	51.0000	45.0000	44.0000	45.0000	41.0000	48.0000	40.0000	45.0000	46.0000	45.0000	46.0000	40.0000	43.0000	47.0000	42.0000	40.0000	49.0000	43.0000	44.0000	49.0000	44.0000	51.0000	35.0000	44.0000	49.0000	45.0000	43.0000	47.0000	51.0000	43.0000	46.0000	39.0000	43.0000	46.0000	49.0000	49.0000	45.0000	44.0000	
33	41.0000	44.0000	45.0000	38.0000	50.0000	51.0000	51.0000	42.0000	53.0000	42.0000	45.0000	39.0000	52.0000	46.0000	45.0000	47.0000	42.0000	49.0000	41.0000	47.0000	48.0000	47.0000	47.0000	42.0000	44.0000	49.0000	44.0000	42.0000	49.0000	44.0000	46.0000	50.0000	47.0000	52.0000	37.0000	46.0000	51.0000	46.0000	44.0000	48.0000	53.0000	45.0000	47.0000	41.0000	44.0000	47.0000	51.0000	51.0000	47.0000	45.0000	
34	43.0000	45.0000	46.0000	39.0000	50.0000	53.0000	53.0000	43.0000	54.0000	43.0000	46.0000	40.0000	53.0000	47.0000	46.0000	49.0000	42.0000	51.0000	41.0000	49.0000	49.0000	49.0000	48.0000	44.0000	46.0000	51.0000	45.0000	43.0000	51.0000	46.0000	46.0000	53.0000	48.0000	53.0000	39.0000	48.0000	52.0000	47.0000	45.0000	50.0000	55.0000	46.0000	48.0000	43.0000	46.0000	48.0000	51.0000	52.0000	49.0000	46.0000	
35	44.0000	47.0000	48.0000	41.0000	52.0000	53.0000	54.0000	44.0000	54.0000	45.0000	48.0000	41.0000	54.0000	49.0000	46.0000	51.0000	43.0000	52.0000	42.0000	50.0000	51.0000	50.0000	50.0000	47.0000	48.0000	52.0000	46.0000	44.0000	53.0000	48.0000	48.0000	55.0000	50.0000	55.0000	41.0000	48.0000	54.0000	49.0000	45.0000	52.0000	57.0000	47.0000	49.0000	44.0000	48.0000	49.0000	52.0000	53.0000	51.0000	47.0000	
36	45.0000	49.0000	50.0000	42.0000	53.0000	54.0000	55.0000	45.0000	55.0000	47.0000	49.0000	42.0000	55.0000	50.0000	48.0000	51.0000	45.0000	54.0000	43.0000	52.0000	52.0000	52.0000	51.0000	48.0000	49.0000	53.0000	47.0000	46.0000	55.0000	50.0000	50.0000	56.0000	50.0000	56.0000	43.0000	49.0000	56.0000	50.0000	46.0000	53.0000	58.0000	48.0000	51.0000	46.0000	49.0000	51.0000	53.0000	55.0000	52.0000	49.0000	
37	47.0000	50.0000	50.0000	43.0000	54.0000	55.0000	56.0000	46.0000	56.0000	49.0000	51.0000	44.0000	57.0000	51.0000	49.0000	52.0000	46.0000	55.0000	44.0000	54.0000	54.0000	54.0000	53.0000	50.0000	51.0000	55.0000	48.0000	48.0000	56.0000	52.0000	51.0000	58.0000	51.0000	57.0000	45.0000	49.0000	58.0000	52.0000	48.0000	54.0000	59.0000	50.0000	53.0000	47.0000	50.0000	53.0000	53.0000	56.0000	52.0000	51.0000	
38	48.0000	52.0000	52.0000	45.0000	56.0000	56.0000	57.0000	48.0000	57.0000	49.0000	52.0000	45.0000	59.0000	52.0000	50.0000	53.0000	47.0000	57.0000	46.0000	56.0000	55.0000	55.0000	55.0000	51.0000	53.0000	57.0000	50.0000	49.0000	58.0000	54.0000	53.0000	59.0000	53.0000	59.0000	46.0000	51.0000	61.0000	54.0000	50.0000	55.0000	61.0000	51.0000	55.0000	47.0000	52.0000	53.0000	54.0000	57.0000	53.0000	53.0000	
39	50.0000	53.0000	55.0000	46.0000	58.0000	57.0000	58.0000	48.0000	59.0000	50.0000	54.0000	46.0000	60.0000	53.0000	51.0000	53.0000	49.0000	58.0000	48.0000	56.0000	56.0000	56.0000	57.0000	52.0000	54.0000	57.0000	50.0000	51.0000	59.0000	55.0000	54.0000	61.0000	55.0000	60.0000	47.0000	53.0000	62.0000	55.0000	51.0000	56.0000	62.0000	53.0000	56.0000	47.0000	54.0000	55.0000	54.0000	59.0000	54.0000	55.0000	
40	52.0000	55.0000	57.0000	48.0000	60.0000	59.0000	59.0000	49.0000	61.0000	50.0000	56.0000	46.0000	62.0000	55.0000	53.0000	55.0000	51.0000	60.0000	50.0000	58.0000	57.0000	58.0000	58.0000	53.0000	55.0000	59.0000	50.0000	52.0000	59.0000	56.0000	56.0000	61.0000	56.0000	60.0000	47.0000	55.0000	63.0000	57.0000	53.0000	57.0000	62.0000	55.0000	58.0000	48.0000	57.0000	56.0000	56.0000	60.0000	56.0000	56.0000	
41	53.0000	56.0000	59.0000	50.0000	62.0000	60.0000	60.0000	49.0000	62.0000	51.0000	58.0000	48.0000	62.0000	56.0000	54.0000	57.0000	53.0000	61.0000	52.0000	60.0000	58.0000	60.0000	59.0000	55.0000	57.0000	60.0000	51.0000	54.0000	59.0000	58.0000	57.0000	63.0000	57.0000	61.0000	49.0000	56.0000	64.0000	58.0000	54.0000	59.0000	63.0000	57.0000	59.0000	49.0000	59.0000	57.0000	57.0000	62.0000	57.0000	58.0000	
42	53.0000	58.0000	60.0000	52.0000	63.0000	61.0000	62.0000	49.0000	64.0000	52.0000	60.0000	50.0000	64.0000	58.0000	54.0000	59.0000	54.0000	62.0000	52.0000	62.0000	59.0000	61.0000	60.0000	57.0000	59.0000	61.0000	53.0000	56.0000	59.0000	59.0000	59.0000	64.0000	58.0000	63.0000	50.0000	56.0000	64.0000	59.0000	56.0000	61.0000	65.0000	58.0000	60.0000	51.0000	60.0000	57.0000	59.0000	64.0000	57.0000	60.0000	
43	55.0000	59.0000	60.0000	54.0000	64.0000	63.0000	62.0000	50.0000	66.0000	54.0000	62.0000	52.0000	65.0000	60.0000	55.0000	61.0000	55.0000	62.0000	53.0000	64.0000	60.0000	63.0000	61.0000	57.0000	60.0000	63.0000	54.0000	58.0000	61.0000	61.0000	61.0000	65.0000	59.0000	65.0000	51.0000	56.0000	64.0000	60.0000	58.0000	62.0000	67.0000	60.0000	62.0000	52.0000	62.0000	58.0000	61.0000	66.0000	59.0000	62.0000	
44	56.0000	60.0000	62.0000	56.0000	65.0000	64.0000	63.0000	52.0000	68.0000	55.0000	63.0000	53.0000	67.0000	61.0000	56.0000	63.0000	56.0000	63.0000	55.0000	66.0000	61.0000	63.0000	63.0000	58.0000	62.0000	66.0000	54.0000	59.0000	63.0000	63.0000	63.0000	67.0000	60.0000	67.0000	52.0000	56.0000	65.0000	61.0000	60.0000	64.0000	69.0000	62.0000	63.0000	54.0000	63.0000	59.0000	63.0000	67.0000	60.0000	62.0000	
45	58.0000	61.0000	63.0000	58.0000	67.0000	65.0000	64.0000	53.0000	70.0000	56.0000	65.0000	55.0000	68.0000	62.0000	58.0000	65.0000	56.0000	63.0000	56.0000	67.0000	63.0000	65.0000	65.0000	58.0000	63.0000	66.0000	55.0000	60.0000	64.0000	65.0000	64.0000	68.0000	60.0000	68.0000	54.0000	57.0000	67.0000	61.0000	60.0000	65.0000	71.0000	63.0000	65.0000	55.0000	64.0000	60.0000	65.0000	68.0000	62.0000	64.0000	
46	59.0000	63.0000	65.0000	60.0000	69.0000	66.0000	66.0000	55.0000	71.0000	57.0000	66.0000	57.0000	68.0000	64.0000	60.0000	66.0000	58.0000	64.0000	57.0000	67.0000	65.0000	66.0000	67.0000	59.0000	65.0000	68.0000	57.0000	61.0000	65.0000	67.0000	65.0000	70.0000	62.0000	68.0000	56.0000	59.0000	68.0000	62.0000	60.0000	66.0000	71.0000	63.0000	67.0000	56.0000	66.0000	62.0000	67.0000	70.0000	63.0000	65.0000	
47	60.0000	64.0000	67.0000	61.0000	70.0000	68.0000	67.0000	56.0000	73.0000	57.0000	68.0000	59.0000	68.0000	65.0000	62.0000	67.0000	60.0000	66.0000	58.0000	69.0000	67.0000	68.0000	69.0000	60.0000	66.0000	69.0000	59.0000	62.0000	66.0000	68.0000	66.0000	70.0000	63.0000	69.0000	58.0000	61.0000	70.0000	63.0000	62.0000	67.0000	72.0000	65.0000	67.0000	58.0000	68.0000	64.0000	67.0000	72.0000	65.0000	66.0000	
48	61.0000	65.0000	67.0000	61.0000	72.0000	69.0000	69.0000	57.0000	75.0000	59.0000	70.0000	61.0000	69.0000	66.0000	63.0000	69.0000	62.0000	68.0000	59.0000	71.0000	69.0000	70.0000	69.0000	61.0000	67.0000	71.0000	60.0000	64.0000	67.0000	69.0000	68.0000	71.0000	64.0000	70.0000	60.0000	62.0000	71.0000	63.0000	63.0000	67.0000	74.0000	67.0000	67.0000	60.0000	70.0000	66.0000	69.0000	73.0000	66.0000	67.0000	
49	63.0000	65.0000	68.0000	62.0000	72.0000	71.0000	71.0000	58.0000	76.0000	61.0000	71.0000	63.0000	70.0000	68.0000	63.0000	71.0000	63.0000	69.0000	61.0000	71.0000	70.0000	71.0000	71.0000	61.0000	69.0000	73.0000	61.0000	66.0000	69.0000	70.0000	70.0000	71.0000	65.0000	71.0000	62.0000	63.0000	72.0000	65.0000	64.0000	68.0000	75.0000	69.0000	69.0000	62.0000	71.0000	67.0000	70.0000	74.0000	68.0000	69.0000	
50	63.0000	66.0000	70.0000	64.0000	74.0000	73.0000	72.0000	60.0000	77.0000	61.0000	72.0000	64.0000	71.0000	69.0000	65.0000	73.0000	64.0000	71.0000	62.0000	73.0000	71.0000	74.0000	73.0000	62.0000	70.0000	74.0000	62.0000	67.0000	70.0000	71.0000	70.0000	72.0000	66.0000	72.0000	64.0000	65.0000	74.0000	67.0000	65.0000	68.0000	77.0000	70.0000	71.0000	63.0000	72.0000	69.0000	72.0000	76.0000	69.0000	70.0000	
51	65.0000	67.0000	71.0000	65.0000	75.0000	74.0000	74.0000	61.0000	79.0000	63.0000	74.0000	64.0000	73.0000	70.0000	67.0000	74.0000	65.0000	73.0000	64.0000	74.0000	72.0000	74.0000	73.0000	63.0000	71.0000	75.0000	63.0000	68.0000	71.0000	73.0000	71.0000	74.0000	67.0000	3.0000	66.0000	67.0000	76.0000	69.0000	66.0000	70.0000	79.0000	72.0000	72.0000	64.0000	74.0000	71.0000	74.0000	78.0000	70.0000	71.0000	
52	66.0000	68.0000	72.0000	67.0000	77.0000	75.0000	76.0000	62.0000	80.0000	64.0000	75.0000	65.0000	74.0000	71.0000	68.0000	76.0000	66.0000	75.0000	66.0000	76.0000	73.0000	76.0000	75.0000	66.0000	73.0000	77.0000	65.0000	70.0000	72.0000	73.0000	71.0000	74.0000	69.0000	5.0000	68.0000	68.0000	77.0000	71.0000	67.0000	71.0000	80.0000	73.0000	73.0000	65.0000	76.0000	72.0000	75.0000	80.0000	73.0000	73.0000	
53	68.0000	69.0000	72.0000	69.0000	79.0000	76.0000	78.0000	64.0000	82.0000	65.0000	77.0000	66.0000	76.0000	72.0000	69.0000	77.0000	68.0000	76.0000	68.0000	77.0000	74.0000	77.0000	76.0000	67.0000	75.0000	78.0000	66.0000	72.0000	74.0000	74.0000	73.0000	75.0000	71.0000	7.0000	70.0000	68.0000	79.0000	73.0000	69.0000	71.0000	82.0000	75.0000	75.0000	67.0000	77.0000	75.0000	76.0000	82.0000	73.0000	74.0000	
54	69.0000	70.0000	74.0000	71.0000	81.0000	78.0000	80.0000	65.0000	83.0000	66.0000	79.0000	68.0000	78.0000	73.0000	71.0000	79.0000	70.0000	77.0000	70.0000	79.0000	76.0000	79.0000	78.0000	69.0000	76.0000	80.0000	67.0000	73.0000	75.0000	76.0000	73.0000	76.0000	71.0000	9.0000	71.0000	69.0000	80.0000	75.0000	69.0000	72.0000	84.0000	76.0000	77.0000	68.0000	78.0000	76.0000	78.0000	84.0000	74.0000	76.0000	
55	70.0000	71.0000	75.0000	72.0000	82.0000	80.0000	82.0000	65.0000	85.0000	68.0000	80.0000	69.0000	79.0000	74.0000	72.0000	79.0000	71.0000	78.0000	71.0000	81.0000	78.0000	81.0000	78.0000	70.0000	77.0000	81.0000	68.0000	73.0000	76.0000	77.0000	73.0000	78.0000	73.0000	10.0000	73.0000	70.0000	80.0000	75.0000	71.0000	73.0000	86.0000	79.0000	79.0000	70.0000	80.0000	77.0000	80.0000	86.0000	76.0000	77.0000	
56	72.0000	72.0000	77.0000	73.0000	83.0000	81.0000	84.0000	68.0000	87.0000	70.0000	82.0000	70.0000	80.0000	76.0000	74.0000	80.0000	73.0000	80.0000	73.0000	82.0000	80.0000	83.0000	79.0000	72.0000	79.0000	82.0000	70.0000	74.0000	77.0000	79.0000	75.0000	80.0000	74.0000	12.0000	74.0000	72.0000	80.0000	75.0000	72.0000	75.0000	87.0000	80.0000	80.0000	71.0000	81.0000	78.0000	82.0000	88.0000	78.0000	79.0000	
57	74.0000	74.0000	79.0000	73.0000	84.0000	82.0000	85.0000	70.0000	88.0000	71.0000	83.0000	72.0000	82.0000	78.0000	76.0000	82.0000	74.0000	80.0000	75.0000	83.0000	80.0000	85.0000	80.0000	74.0000	80.0000	83.0000	72.0000	76.0000	78.0000	81.0000	75.0000	81.0000	76.0000	13.0000	76.0000	73.0000	81.0000	76.0000	74.0000	76.0000	88.0000	80.0000	81.0000	73.0000	81.0000	79.0000	83.0000	90.0000	80.0000	81.0000	
58	75.0000	76.0000	81.0000	75.0000	86.0000	83.0000	87.0000	72.0000	90.0000	72.0000	85.0000	72.0000	4.0000	79.0000	78.0000	83.0000	76.0000	81.0000	75.0000	85.0000	81.0000	87.0000	82.0000	75.0000	81.0000	84.0000	74.0000	77.0000	78.0000	82.0000	76.0000	82.0000	77.0000	15.0000	78.0000	74.0000	82.0000	77.0000	75.0000	78.0000	88.0000	81.0000	81.0000	73.0000	83.0000	81.0000	84.0000	91.0000	81.0000	83.0000	
59	76.0000	78.0000	82.0000	76.0000	87.0000	85.0000	88.0000	73.0000	91.0000	72.0000	87.0000	73.0000	5.0000	81.0000	80.0000	84.0000	77.0000	82.0000	76.0000	87.0000	82.0000	88.0000	83.0000	77.0000	83.0000	85.0000	75.0000	79.0000	79.0000	83.0000	76.0000	83.0000	78.0000	17.0000	79.0000	76.0000	83.0000	79.0000	76.0000	80.0000	89.0000	82.0000	83.0000	75.0000	85.0000	81.0000	85.0000	93.0000	83.0000	84.0000	
60	77.0000	80.0000	83.0000	78.0000	89.0000	87.0000	90.0000	73.0000	93.0000	73.0000	88.0000	74.0000	7.0000	83.0000	81.0000	86.0000	79.0000	83.0000	78.0000	89.0000	84.0000	89.0000	83.0000	80.0000	86.0000	86.0000	76.0000	80.0000	80.0000	85.0000	78.0000	84.0000	79.0000	18.0000	81.0000	78.0000	84.0000	81.0000	77.0000	81.0000	91.0000	84.0000	84.0000	76.0000	87.0000	83.0000	86.0000	95.0000	83.0000	85.0000	
61	78.0000	82.0000	84.0000	79.0000	89.0000	88.0000	92.0000	75.0000	94.0000	75.0000	90.0000	75.0000	8.0000	84.0000	83.0000	88.0000	81.0000	85.0000	79.0000	91.0000	86.0000	90.0000	83.0000	81.0000	88.0000	88.0000	77.0000	82.0000	82.0000	85.0000	79.0000	85.0000	80.0000	20.0000	83.0000	79.0000	86.0000	83.0000	77.0000	83.0000	92.0000	86.0000	86.0000	77.0000	88.0000	84.0000	88.0000	96.0000	84.0000	85.0000	
62	79.0000	83.0000	86.0000	80.0000	89.0000	90.0000	94.0000	76.0000	96.0000	78.0000	90.0000	75.0000	10.0000	86.0000	86.0000	89.0000	83.0000	87.0000	79.0000	93.0000	87.0000	92.0000	85.0000	82.0000	90.0000	89.0000	78.0000	83.0000	83.0000	87.0000	80.0000	87.0000	82.0000	22.0000	84.0000	81.0000	88.0000	85.0000	77.0000	83.0000	94.0000	88.0000	88.0000	79.0000	88.0000	85.0000	90.0000	98.0000	86.0000	86.0000	
63	80.0000	84.0000	87.0000	81.0000	90.0000	91.0000	95.0000	78.0000	98.0000	79.0000	91.0000	76.0000	12.0000	88.0000	88.0000	91.0000	84.0000	89.0000	80.0000	95.0000	89.0000	93.0000	87.0000	84.0000	92.0000	90.0000	80.0000	84.0000	85.0000	88.0000	80.0000	89.0000	83.0000	24.0000	86.0000	82.0000	89.0000	85.0000	78.0000	84.0000	95.0000	89.0000	90.0000	80.0000	89.0000	87.0000	91.0000	99.0000	88.0000	86.0000	
64	80.0000	85.0000	88.0000	82.0000	92.0000	92.0000	97.0000	80.0000	99.0000	80.0000	91.0000	77.0000	14.0000	89.0000	89.0000	92.0000	85.0000	90.0000	82.0000	95.0000	90.0000	95.0000	89.0000	85.0000	93.0000	92.0000	82.0000	86.0000	87.0000	88.0000	82.0000	91.0000	85.0000	25.0000	87.0000	82.0000	91.0000	87.0000	80.0000	85.0000	96.0000	90.0000	92.0000	81.0000	90.0000	88.0000	93.0000	99.0000	89.0000	88.0000	
65	81.0000	86.0000	89.0000	84.0000	94.0000	94.0000	99.0000	82.0000	100.0000	82.0000	91.0000	79.0000	15.0000	89.0000	90.0000	94.0000	85.0000	92.0000	84.0000	97.0000	90.0000	96.0000	90.0000	87.0000	95.0000	93.0000	84.0000	87.0000	88.0000	89.0000	84.0000	93.0000	87.0000	27.0000	88.0000	82.0000	92.0000	87.0000	82.0000	88.0000	97.0000	92.0000	92.0000	82.0000	92.0000	90.0000	95.0000	101.0000	90.0000	90.0000	
66	83.0000	88.0000	90.0000	84.0000	96.0000	95.0000	100.0000	84.0000	102.0000	83.0000	93.0000	80.0000	17.0000	90.0000	92.0000	94.0000	87.0000	92.0000	86.0000	99.0000	92.0000	97.0000	91.0000	89.0000	97.0000	95.0000	86.0000	89.0000	89.0000	91.0000	85.0000	94.0000	88.0000	29.0000	89.0000	83.0000	93.0000	89.0000	84.0000	89.0000	98.0000	93.0000	94.0000	84.0000	93.0000	92.0000	96.0000	103.0000	90.0000	91.0000	
67	85.0000	90.0000	92.0000	86.0000	97.0000	97.0000	102.0000	86.0000	103.0000	85.0000	94.0000	82.0000	17.0000	91.0000	94.0000	96.0000	89.0000	94.0000	88.0000	101.0000	94.0000	98.0000	92.0000	90.0000	99.0000	96.0000	86.0000	91.0000	90.0000	92.0000	87.0000	96.0000	90.0000	30.0000	90.0000	83.0000	94.0000	90.0000	86.0000	91.0000	100.0000	95.0000	96.0000	86.0000	94.0000	93.0000	98.0000	103.0000	90.0000	93.0000	
68	87.0000	91.0000	94.0000	86.0000	99.0000	99.0000	104.0000	87.0000	103.0000	86.0000	96.0000	84.0000	18.0000	92.0000	95.0000	98.0000	89.0000	96.0000	90.0000	102.0000	96.0000	99.0000	93.0000	91.0000	100.0000	98.0000	88.0000	93.0000	92.0000	94.0000	87.0000	98.0000	92.0000	31.0000	91.0000	85.0000	95.0000	92.0000	88.0000	92.0000	101.0000	96.0000	98.0000	87.0000	96.0000	94.0000	99.0000	104.0000	91.0000	95.0000	
69	88.0000	92.0000	96.0000	87.0000	100.0000	99.0000	105.0000	89.0000	105.0000	87.0000	97.0000	86.0000	19.0000	94.0000	97.0000	100.0000	90.0000	98.0000	90.0000	103.0000	98.0000	100.0000	94.0000	92.0000	101.0000	98.0000	90.0000	94.0000	93.0000	96.0000	89.0000	100.0000	94.0000	34.0000	93.0000	86.0000	97.0000	93.0000	90.0000	94.0000	102.0000	98.0000	100.0000	87.0000	98.0000	95.0000	100.0000	106.0000	93.0000	97.0000	
70	90.0000	92.0000	99.0000	88.0000	101.0000	101.0000	106.0000	92.0000	107.0000	89.0000	99.0000	87.0000	19.0000	96.0000	98.0000	101.0000	91.0000	100.0000	91.0000	105.0000	99.0000	100.0000	95.0000	94.0000	103.0000	99.0000	92.0000	95.0000	95.0000	98.0000	91.0000	102.0000	96.0000	35.0000	95.0000	88.0000	99.0000	94.0000	92.0000	96.0000	102.0000	100.0000	101.0000	88.0000	99.0000	96.0000	101.0000	108.0000	95.0000	98.0000	
71	92.0000	92.0000	101.0000	90.0000	102.0000	102.0000	107.0000	94.0000	109.0000	90.0000	101.0000	88.0000	20.0000	98.0000	99.0000	102.0000	91.0000	102.0000	93.0000	107.0000	101.0000	102.0000	96.0000	96.0000	105.0000	100.0000	93.0000	96.0000	97.0000	100.0000	92.0000	104.0000	98.0000	36.0000	96.0000	90.0000	101.0000	96.0000	95.0000	98.0000	103.0000	101.0000	103.0000	89.0000	101.0000	98.0000	103.0000	110.0000	97.0000	99.0000	
72	92.0000	94.0000	102.0000	91.0000	104.0000	104.0000	107.0000	96.0000	111.0000	91.0000	102.0000	90.0000	22.0000	99.0000	100.0000	103.0000	93.0000	104.0000	95.0000	108.0000	102.0000	104.0000	98.0000	97.0000	106.0000	102.0000	94.0000	98.0000	99.0000	102.0000	93.0000	106.0000	99.0000	37.0000	98.0000	91.0000	102.0000	97.0000	97.0000	98.0000	104.0000	101.0000	105.0000	89.0000	103.0000	101.0000	104.0000	112.0000	98.0000	100.0000	
73	94.0000	95.0000	103.0000	92.0000	106.0000	106.0000	109.0000	97.0000	112.0000	93.0000	104.0000	92.0000	24.0000	101.0000	101.0000	105.0000	94.0000	105.0000	96.0000	110.0000	104.0000	105.0000	99.0000	99.0000	106.0000	103.0000	96.0000	99.0000	100.0000	104.0000	94.0000	107.0000	101.0000	38.0000	100.0000	93.0000	104.0000	99.0000	99.0000	100.0000	105.0000	102.0000	106.0000	91.0000	104.0000	103.0000	104.0000	113.0000	99.0000	101.0000	
74	95.0000	96.0000	104.0000	94.0000	107.0000	106.0000	111.0000	99.0000	113.0000	95.0000	105.0000	92.0000	26.0000	103.0000	103.0000	105.0000	95.0000	106.0000	97.0000	112.0000	105.0000	105.0000	100.0000	101.0000	108.0000	105.0000	98.0000	100.0000	101.0000	105.0000	95.0000	108.0000	103.0000	40.0000	102.0000	95.0000	3.0000	100.0000	101.0000	101.0000	107.0000	103.0000	107.0000	92.0000	106.0000	103.0000	105.0000	115.0000	100.0000	102.0000	
75	98.0000	98.0000	105.0000	95.0000	108.0000	106.0000	112.0000	101.0000	114.0000	96.0000	106.0000	93.0000	27.0000	104.0000	104.0000	106.0000	96.0000	108.0000	98.0000	112.0000	107.0000	106.0000	102.0000	102.0000	109.0000	106.0000	99.0000	102.0000	103.0000	106.0000	97.0000	109.0000	105.0000	42.0000	103.0000	96.0000	5.0000	101.0000	101.0000	102.0000	108.0000	103.0000	107.0000	93.0000	107.0000	105.0000	107.0000	117.0000	102.0000	103.0000	
76	99.0000	99.0000	107.0000	97.0000	110.0000	107.0000	113.0000	103.0000	115.0000	97.0000	107.0000	94.0000	28.0000	106.0000	106.0000	108.0000	98.0000	109.0000	100.0000	114.0000	109.0000	107.0000	103.0000	102.0000	110.0000	107.0000	100.0000	103.0000	105.0000	106.0000	98.0000	110.0000	107.0000	44.0000	104.0000	97.0000	7.0000	101.0000	102.0000	104.0000	109.0000	104.0000	108.0000	94.0000	109.0000	106.0000	109.0000	118.0000	103.0000	103.0000	
77	100.0000	101.0000	108.0000	97.0000	111.0000	109.0000	115.0000	103.0000	116.0000	99.0000	107.0000	95.0000	30.0000	108.0000	108.0000	108.0000	99.0000	111.0000	102.0000	116.0000	110.0000	109.0000	104.0000	103.0000	111.0000	109.0000	102.0000	104.0000	107.0000	108.0000	99.0000	112.0000	109.0000	45.0000	105.0000	3.0000	8.0000	103.0000	104.0000	105.0000	110.0000	106.0000	109.0000	96.0000	110.0000	107.0000	110.0000	119.0000	105.0000	104.0000	
78	101.0000	103.0000	109.0000	99.0000	113.0000	110.0000	116.0000	104.0000	117.0000	99.0000	109.0000	97.0000	31.0000	109.0000	110.0000	110.0000	101.0000	113.0000	103.0000	117.0000	111.0000	110.0000	105.0000	105.0000	113.0000	109.0000	104.0000	106.0000	108.0000	109.0000	101.0000	114.0000	110.0000	47.0000	106.0000	5.0000	10.0000	105.0000	105.0000	106.0000	111.0000	107.0000	111.0000	97.0000	112.0000	108.0000	111.0000	121.0000	106.0000	106.0000	
79	102.0000	104.0000	111.0000	99.0000	114.0000	112.0000	117.0000	105.0000	118.0000	101.0000	110.0000	99.0000	33.0000	110.0000	112.0000	111.0000	102.0000	114.0000	103.0000	118.0000	112.0000	112.0000	106.0000	105.0000	115.0000	110.0000	104.0000	108.0000	108.0000	111.0000	103.0000	116.0000	112.0000	47.0000	107.0000	6.0000	11.0000	106.0000	107.0000	106.0000	113.0000	109.0000	112.0000	98.0000	112.0000	109.0000	113.0000	123.0000	108.0000	106.0000	
80	3.0000	105.0000	111.0000	100.0000	116.0000	114.0000	118.0000	107.0000	119.0000	103.0000	111.0000	100.0000	35.0000	112.0000	113.0000	112.0000	103.0000	116.0000	104.0000	119.0000	113.0000	112.0000	108.0000	106.0000	117.0000	111.0000	106.0000	109.0000	109.0000	113.0000	105.0000	117.0000	113.0000	49.0000	108.0000	7.0000	12.0000	108.0000	108.0000	107.0000	115.0000	111.0000	114.0000	100.0000	114.0000	109.0000	114.0000	123.0000	109.0000	108.0000	
81	4.0000	107.0000	112.0000	101.0000	118.0000	116.0000	120.0000	109.0000	121.0000	105.0000	111.0000	102.0000	36.0000	114.0000	115.0000	114.0000	105.0000	116.0000	106.0000	120.0000	115.0000	114.0000	108.0000	108.0000	119.0000	112.0000	108.0000	110.0000	110.0000	113.0000	107.0000	119.0000	114.0000	51.0000	109.0000	9.0000	13.0000	109.0000	109.0000	108.0000	117.0000	112.0000	115.0000	101.0000	115.0000	109.0000	3.0000	124.0000	111.0000	109.0000	
82	5.0000	108.0000	113.0000	102.0000	119.0000	117.0000	122.0000	111.0000	122.0000	107.0000	111.0000	103.0000	37.0000	115.0000	116.0000	114.0000	105.0000	118.0000	108.0000	121.0000	117.0000	114.0000	110.0000	110.0000	121.0000	113.0000	110.0000	111.0000	111.0000	115.0000	109.0000	119.0000	116.0000	53.0000	111.0000	11.0000	13.0000	109.0000	110.0000	2.0000	119.0000	114.0000	3.0000	101.0000	116.0000	110.0000	4.0000	125.0000	112.0000	109.0000	
83	6.0000	109.0000	115.0000	104.0000	121.0000	119.0000	124.0000	112.0000	124.0000	108.0000	112.0000	104.0000	38.0000	115.0000	117.0000	116.0000	107.0000	120.0000	109.0000	122.0000	118.0000	116.0000	112.0000	111.0000	122.0000	113.0000	111.0000	113.0000	112.0000	117.0000	111.0000	120.0000	118.0000	54.0000	113.0000	11.0000	15.0000	111.0000	112.0000	4.0000	119.0000	115.0000	5.0000	102.0000	118.0000	111.0000	7.0000	127.0000	114.0000	111.0000	
84	8.0000	111.0000	116.0000	105.0000	122.0000	120.0000	125.0000	115.0000	125.0000	109.0000	114.0000	106.0000	40.0000	116.0000	119.0000	118.0000	108.0000	120.0000	111.0000	123.0000	119.0000	117.0000	112.0000	113.0000	122.0000	115.0000	112.0000	114.0000	114.0000	119.0000	113.0000	122.0000	119.0000	55.0000	115.0000	13.0000	16.0000	112.0000	114.0000	6.0000	2.0000	117.0000	6.0000	104.0000	119.0000	113.0000	8.0000	128.0000	115.0000	113.0000	
85	10.0000	112.0000	118.0000	3.0000	123.0000	122.0000	3.0000	117.0000	126.0000	110.0000	115.0000	108.0000	41.0000	117.0000	121.0000	118.0000	109.0000	121.0000	113.0000	124.0000	120.0000	118.0000	114.0000	113.0000	123.0000	117.0000	112.0000	114.0000	114.0000	119.0000	114.0000	123.0000	119.0000	56.0000	115.0000	14.0000	18.0000	112.0000	116.0000	7.0000	3.0000	118.0000	8.0000	105.0000	121.0000	115.0000	10.0000	128.0000	116.0000	115.0000	
86	11.0000	114.0000	119.0000	5.0000	125.0000	123.0000	4.0000	119.0000	128.0000	111.0000	116.0000	110.0000	43.0000	119.0000	123.0000	120.0000	110.0000	122.0000	115.0000	124.0000	121.0000	120.0000	116.0000	114.0000	125.0000	119.0000	114.0000	116.0000	114.0000	121.0000	115.0000	124.0000	121.0000	57.0000	116.0000	16.0000	20.0000	114.0000	118.0000	9.0000	6.0000	119.0000	8.0000	106.0000	121.0000	117.0000	11.0000	130.0000	117.0000	116.0000	
87	13.0000	116.0000	121.0000	6.0000	126.0000	124.0000	6.0000	121.0000	129.0000	112.0000	117.0000	112.0000	44.0000	122.0000	123.0000	121.0000	112.0000	124.0000	116.0000	125.0000	123.0000	122.0000	117.0000	115.0000	125.0000	120.0000	115.0000	118.0000	116.0000	123.0000	116.0000	125.0000	122.0000	59.0000	118.0000	18.0000	22.0000	116.0000	120.0000	11.0000	7.0000	120.0000	9.0000	108.0000	122.0000	119.0000	12.0000	132.0000	119.0000	117.0000	
88	15.0000	117.0000	122.0000	7.0000	127.0000	126.0000	8.0000	123.0000	1.0000	112.0000	118.0000	114.0000	46.0000	124.0000	124.0000	123.0000	114.0000	124.0000	118.0000	127.0000	124.0000	123.0000	119.0000	116.0000	126.0000	121.0000	115.0000	120.0000	117.0000	125.0000	117.0000	126.0000	123.0000	61.0000	120.0000	19.0000	23.0000	118.0000	121.0000	13.0000	9.0000	122.0000	10.0000	110.0000	124.0000	120.0000	13.0000	133.0000	120.0000	118.0000	
89	15.0000	117.0000	123.0000	8.0000	129.0000	127.0000	10.0000	125.0000	3.0000	113.0000	119.0000	116.0000	48.0000	125.0000	125.0000	124.0000	116.0000	124.0000	119.0000	129.0000	125.0000	124.0000	120.0000	117.0000	128.0000	122.0000	116.0000	120.0000	118.0000	127.0000	3.0000	128.0000	124.0000	63.0000	122.0000	22.0000	24.0000	119.0000	123.0000	14.0000	10.0000	123.0000	10.0000	110.0000	125.0000	121.0000	15.0000	134.0000	122.0000	119.0000	
90	16.0000	119.0000	125.0000	9.0000	129.0000	129.0000	12.0000	127.0000	5.0000	114.0000	121.0000	117.0000	49.0000	127.0000	126.0000	125.0000	118.0000	126.0000	122.0000	130.0000	127.0000	126.0000	120.0000	118.0000	130.0000	124.0000	117.0000	121.0000	120.0000	129.0000	3.0000	129.0000	126.0000	64.0000	124.0000	24.0000	25.0000	120.0000	125.0000	15.0000	12.0000	125.0000	12.0000	111.0000	127.0000	122.0000	17.0000	134.0000	123.0000	121.0000	
91	18.0000	119.0000	125.0000	9.0000	130.0000	131.0000	14.0000	129.0000	7.0000	116.0000	3.0000	119.0000	50.0000	128.0000	127.0000	126.0000	120.0000	128.0000	3.0000	132.0000	128.0000	127.0000	122.0000	120.0000	131.0000	126.0000	119.0000	122.0000	120.0000	131.0000	5.0000	130.0000	127.0000	66.0000	126.0000	25.0000	27.0000	122.0000	127.0000	16.0000	15.0000	126.0000	14.0000	111.0000	129.0000	122.0000	18.0000	135.0000	125.0000	123.0000	
92	20.0000	120.0000	127.0000	10.0000	130.0000	132.0000	15.0000	130.0000	8.0000	118.0000	5.0000	120.0000	52.0000	3.0000	129.0000	129.0000	122.0000	129.0000	4.0000	133.0000	129.0000	129.0000	123.0000	121.0000	133.0000	126.0000	121.0000	124.0000	122.0000	132.0000	6.0000	131.0000	3.0000	67.0000	128.0000	25.0000	27.0000	124.0000	128.0000	17.0000	16.0000	128.0000	16.0000	113.0000	130.0000	124.0000	20.0000	136.0000	127.0000	124.0000	
93	22.0000	121.0000	129.0000	11.0000	132.0000	133.0000	17.0000	131.0000	10.0000	118.0000	6.0000	121.0000	53.0000	4.0000	131.0000	130.0000	124.0000	129.0000	6.0000	134.0000	130.0000	131.0000	125.0000	123.0000	134.0000	127.0000	123.0000	126.0000	123.0000	3.0000	8.0000	131.0000	4.0000	70.0000	129.0000	27.0000	28.0000	125.0000	128.0000	19.0000	18.0000	129.0000	18.0000	114.0000	132.0000	125.0000	21.0000	138.0000	129.0000	125.0000	
94	23.0000	122.0000	130.0000	12.0000	133.0000	136.0000	19.0000	133.0000	11.0000	120.0000	8.0000	122.0000	55.0000	6.0000	132.0000	132.0000	125.0000	131.0000	6.0000	136.0000	131.0000	132.0000	126.0000	124.0000	135.0000	127.0000	125.0000	128.0000	125.0000	4.0000	10.0000	133.0000	5.0000	72.0000	131.0000	29.0000	29.0000	127.0000	129.0000	21.0000	19.0000	131.0000	18.0000	115.0000	134.0000	126.0000	22.0000	140.0000	130.0000	127.0000	
95	24.0000	123.0000	132.0000	13.0000	133.0000	137.0000	21.0000	135.0000	11.0000	122.0000	9.0000	123.0000	57.0000	7.0000	132.0000	133.0000	127.0000	132.0000	8.0000	137.0000	132.0000	134.0000	126.0000	125.0000	136.0000	127.0000	126.0000	129.0000	126.0000	6.0000	12.0000	134.0000	6.0000	73.0000	133.0000	30.0000	30.0000	128.0000	131.0000	22.0000	20.0000	132.0000	19.0000	117.0000	136.0000	127.0000	24.0000	142.0000	132.0000	129.0000	
96	26.0000	125.0000	133.0000	14.0000	135.0000	138.0000	23.0000	137.0000	12.0000	125.0000	11.0000	3.0000	58.0000	8.0000	133.0000	134.0000	129.0000	3.0000	8.0000	139.0000	134.0000	3.0000	126.0000	127.0000	137.0000	128.0000	126.0000	3.0000	128.0000	7.0000	14.0000	135.0000	8.0000	74.0000	134.0000	32.0000	32.0000	129.0000	3.0000	23.0000	21.0000	134.0000	20.0000	119.0000	138.0000	128.0000	24.0000	144.0000	133.0000	129.0000	
97	28.0000	127.0000	135.0000	16.0000	136.0000	140.0000	25.0000	138.0000	13.0000	127.0000	13.0000	5.0000	60.0000	10.0000	133.0000	135.0000	130.0000	5.0000	10.0000	141.0000	136.0000	4.0000	2.0000	128.0000	139.0000	130.0000	128.0000	4.0000	130.0000	9.0000	15.0000	136.0000	9.0000	76.0000	135.0000	32.0000	33.0000	130.0000	5.0000	25.0000	23.0000	135.0000	21.0000	120.0000	140.0000	130.0000	25.0000	146.0000	134.0000	131.0000	
98	29.0000	129.0000	137.0000	17.0000	136.0000	142.0000	27.0000	139.0000	14.0000	130.0000	15.0000	7.0000	62.0000	11.0000	134.0000	136.0000	131.0000	6.0000	12.0000	142.0000	136.0000	6.0000	4.0000	129.0000	141.0000	131.0000	129.0000	5.0000	131.0000	10.0000	17.0000	137.0000	10.0000	77.0000	136.0000	34.0000	35.0000	132.0000	6.0000	26.0000	23.0000	137.0000	23.0000	121.0000	141.0000	131.0000	26.0000	148.0000	136.0000	132.0000	
99	30.0000	131.0000	139.0000	18.0000	138.0000	143.0000	28.0000	3.0000	15.0000	132.0000	16.0000	10.0000	63.0000	12.0000	136.0000	138.0000	133.0000	8.0000	14.0000	143.0000	138.0000	6.0000	5.0000	130.0000	144.0000	133.0000	2.0000	7.0000	132.0000	12.0000	18.0000	139.0000	11.0000	78.0000	136.0000	35.0000	37.0000	133.0000	7.0000	27.0000	25.0000	138.0000	24.0000	123.0000	142.0000	133.0000	28.0000	150.0000	137.0000	133.0000	
100	32.0000	132.0000	140.0000	19.0000	138.0000	145.0000	30.0000	4.0000	17.0000	134.0000	18.0000	11.0000	64.0000	13.0000	137.0000	139.0000	134.0000	9.0000	15.0000	144.0000	139.0000	7.0000	8.0000	131.0000	146.0000	134.0000	3.0000	7.0000	133.0000	14.0000	19.0000	140.0000	13.0000	80.0000	137.0000	37.0000	39.0000	135.0000	7.0000	29.0000	27.0000	140.0000	26.0000	124.0000	143.0000	135.0000	29.0000	151.0000	138.0000	135.0000	
101	33.0000	134.0000	140.0000	21.0000	139.0000	146.0000	32.0000	5.0000	18.0000	2.0000	20.0000	12.0000	65.0000	13.0000	138.0000	140.0000	134.0000	11.0000	17.0000	145.0000	140.0000	9.0000	9.0000	132.0000	146.0000	135.0000	5.0000	9.0000	134.0000	16.0000	21.0000	141.0000	15.0000	82.0000	138.0000	38.0000	41.0000	137.0000	8.0000	31.0000	29.0000	141.0000	28.0000	126.0000	145.0000	135.0000	30.0000	153.0000	138.0000	136.0000	
102	34.0000	135.0000	142.0000	22.0000	140.0000	147.0000	33.0000	5.0000	19.0000	4.0000	21.0000	13.0000	67.0000	13.0000	140.0000	2.0000	135.0000	13.0000	19.0000	145.0000	142.0000	11.0000	10.0000	134.0000	147.0000	137.0000	6.0000	10.0000	136.0000	18.0000	22.0000	143.0000	16.0000	83.0000	3.0000	39.0000	42.0000	138.0000	9.0000	33.0000	30.0000	142.0000	28.0000	128.0000	146.0000	137.0000	31.0000	155.0000	140.0000	137.0000	
103	35.0000	136.0000	143.0000	24.0000	142.0000	148.0000	35.0000	6.0000	21.0000	5.0000	23.0000	15.0000	68.0000	15.0000	141.0000	4.0000	137.0000	14.0000	19.0000	146.0000	144.0000	11.0000	12.0000	135.0000	148.0000	138.0000	7.0000	10.0000	137.0000	20.0000	23.0000	144.0000	17.0000	84.0000	5.0000	39.0000	44.0000	140.0000	10.0000	34.0000	32.0000	144.0000	29.0000	129.0000	148.0000	139.0000	32.0000	157.0000	141.0000	138.0000	
104	38.0000	138.0000	144.0000	25.0000	143.0000	149.0000	37.0000	7.0000	23.0000	6.0000	25.0000	17.0000	69.0000	17.0000	142.0000	6.0000	138.0000	14.0000	21.0000	147.0000	145.0000	12.0000	13.0000	136.0000	149.0000	139.0000	9.0000	11.0000	138.0000	21.0000	24.0000	144.0000	19.0000	86.0000	6.0000	40.0000	45.0000	142.0000	12.0000	36.0000	34.0000	146.0000	30.0000	130.0000	150.0000	140.0000	32.0000	157.0000	143.0000	139.0000	
105	39.0000	140.0000	146.0000	26.0000	145.0000	151.0000	38.0000	9.0000	25.0000	8.0000	27.0000	19.0000	71.0000	18.0000	144.0000	8.0000	140.0000	16.0000	24.0000	148.0000	147.0000	14.0000	15.0000	138.0000	150.0000	141.0000	11.0000	12.0000	140.0000	21.0000	26.0000	145.0000	21.0000	88.0000	8.0000	41.0000	46.0000	144.0000	12.0000	37.0000	36.0000	148.0000	31.0000	131.0000	151.0000	141.0000	34.0000	159.0000	145.0000	142.0000	
106	40.0000	141.0000	148.0000	26.0000	147.0000	153.0000	40.0000	11.0000	27.0000	9.0000	28.0000	21.0000	73.0000	20.0000	146.0000	9.0000	141.0000	18.0000	24.0000	150.0000	148.0000	14.0000	17.0000	138.0000	152.0000	142.0000	12.0000	13.0000	141.0000	22.0000	28.0000	146.0000	22.0000	90.0000	9.0000	42.0000	47.0000	145.0000	13.0000	38.0000	38.0000	149.0000	32.0000	133.0000	152.0000	141.0000	35.0000	160.0000	145.0000	143.0000	
107	42.0000	143.0000	149.0000	27.0000	149.0000	154.0000	42.0000	12.0000	29.0000	11.0000	30.0000	22.0000	75.0000	22.0000	147.0000	10.0000	142.0000	19.0000	26.0000	153.0000	149.0000	16.0000	18.0000	139.0000	153.0000	144.0000	12.0000	14.0000	142.0000	24.0000	30.0000	148.0000	25.0000	91.0000	11.0000	43.0000	48.0000	147.0000	15.0000	40.0000	39.0000	151.0000	33.0000	134.0000	154.0000	143.0000	36.0000	162.0000	1.0000	144.0000	
108	43.0000	2.0000	149.0000	29.0000	151.0000	154.0000	43.0000	14.0000	30.0000	13.0000	31.0000	24.0000	77.0000	23.0000	149.0000	12.0000	144.0000	20.0000	27.0000	154.0000	4.0000	18.0000	19.0000	140.0000	153.0000	145.0000	13.0000	16.0000	144.0000	24.0000	31.0000	2.0000	27.0000	92.0000	12.0000	44.0000	51.0000	149.0000	16.0000	42.0000	39.0000	152.0000	34.0000	135.0000	157.0000	144.0000	38.0000	163.0000	2.0000	144.0000	
109	43.0000	3.0000	149.0000	30.0000	153.0000	156.0000	43.0000	15.0000	31.0000	13.0000	31.0000	25.0000	79.0000	24.0000	150.0000	14.0000	146.0000	22.0000	28.0000	155.0000	6.0000	20.0000	20.0000	141.0000	154.0000	147.0000	15.0000	17.0000	146.0000	25.0000	33.0000	3.0000	27.0000	93.0000	13.0000	46.0000	52.0000	150.0000	17.0000	43.0000	41.0000	154.0000	36.0000	136.0000	158.0000	145.0000	39.0000	163.0000	4.0000	144.0000	
110	44.0000	6.0000	150.0000	30.0000	155.0000	158.0000	44.0000	16.0000	32.0000	13.0000	33.0000	28.0000	79.0000	26.0000	2.0000	16.0000	148.0000	24.0000	30.0000	157.0000	7.0000	22.0000	21.0000	142.0000	155.0000	149.0000	16.0000	19.0000	147.0000	26.0000	35.0000	4.0000	29.0000	95.0000	15.0000	46.0000	53.0000	151.0000	19.0000	45.0000	42.0000	156.0000	38.0000	137.0000	159.0000	145.0000	40.0000	165.0000	5.0000	146.0000	
111	45.0000	8.0000	151.0000	31.0000	156.0000	159.0000	46.0000	18.0000	33.0000	15.0000	33.0000	30.0000	79.0000	28.0000	4.0000	17.0000	149.0000	26.0000	31.0000	158.0000	8.0000	24.0000	23.0000	143.0000	157.0000	151.0000	16.0000	20.0000	149.0000	28.0000	36.0000	4.0000	29.0000	97.0000	17.0000	47.0000	55.0000	151.0000	21.0000	47.0000	44.0000	156.0000	39.0000	138.0000	160.0000	147.0000	41.0000	167.0000	7.0000	147.0000	
112	46.0000	10.0000	153.0000	33.0000	157.0000	160.0000	48.0000	20.0000	34.0000	17.0000	35.0000	30.0000	80.0000	30.0000	6.0000	18.0000	151.0000	27.0000	32.0000	159.0000	10.0000	26.0000	25.0000	144.0000	158.0000	152.0000	18.0000	22.0000	150.0000	29.0000	37.0000	6.0000	30.0000	98.0000	19.0000	49.0000	57.0000	152.0000	23.0000	48.0000	45.0000	157.0000	41.0000	139.0000	161.0000	1.0000	43.0000	168.0000	8.0000	149.0000	
113	48.0000	11.0000	154.0000	34.0000	158.0000	2.0000	49.0000	22.0000	36.0000	19.0000	36.0000	32.0000	81.0000	31.0000	7.0000	19.0000	152.0000	28.0000	33.0000	159.0000	10.0000	27.0000	26.0000	146.0000	159.0000	155.0000	18.0000	24.0000	152.0000	31.0000	39.0000	7.0000	31.0000	100.0000	20.0000	50.0000	58.0000	154.0000	25.0000	50.0000	45.0000	158.0000	43.0000	141.0000	163.0000	2.0000	44.0000	169.0000	10.0000	150.0000	
114	50.0000	13.0000	155.0000	36.0000	159.0000	3.0000	51.0000	24.0000	38.0000	20.0000	37.0000	33.0000	81.0000	32.0000	8.0000	20.0000	154.0000	30.0000	35.0000	161.0000	12.0000	29.0000	27.0000	146.0000	160.0000	3.0000	19.0000	24.0000	153.0000	31.0000	40.0000	9.0000	33.0000	100.0000	22.0000	50.0000	59.0000	155.0000	26.0000	51.0000	46.0000	159.0000	45.0000	142.0000	164.0000	3.0000	46.0000	171.0000	11.0000	151.0000	
115	51.0000	14.0000	156.0000	38.0000	160.0000	6.0000	52.0000	24.0000	40.0000	21.0000	38.0000	35.0000	82.0000	32.0000	9.0000	21.0000	154.0000	32.0000	37.0000	162.0000	13.0000	31.0000	28.0000	147.0000	161.0000	4.0000	20.0000	26.0000	154.0000	32.0000	41.0000	10.0000	35.0000	102.0000	23.0000	52.0000	60.0000	157.0000	28.0000	53.0000	47.0000	160.0000	46.0000	143.0000	165.0000	4.0000	47.0000	173.0000	12.0000	153.0000	
116	52.0000	16.0000	158.0000	39.0000	161.0000	8.0000	53.0000	25.0000	42.0000	22.0000	39.0000	37.0000	84.0000	33.0000	9.0000	22.0000	155.0000	34.0000	39.0000	164.0000	15.0000	32.0000	29.0000	149.0000	162.0000	5.0000	21.0000	26.0000	156.0000	34.0000	42.0000	11.0000	36.0000	103.0000	25.0000	54.0000	62.0000	159.0000	29.0000	55.0000	48.0000	161.0000	47.0000	3.0000	167.0000	5.0000	47.0000	175.0000	12.0000	154.0000	
117	54.0000	16.0000	159.0000	40.0000	162.0000	9.0000	54.0000	26.0000	44.0000	24.0000	40.0000	39.0000	86.0000	34.0000	10.0000	23.0000	157.0000	36.0000	39.0000	166.0000	16.0000	33.0000	31.0000	151.0000	164.0000	7.0000	22.0000	28.0000	157.0000	35.0000	44.0000	13.0000	38.0000	104.0000	26.0000	56.0000	63.0000	159.0000	31.0000	57.0000	49.0000	162.0000	49.0000	5.0000	168.0000	6.0000	48.0000	175.0000	13.0000	155.0000	
118	55.0000	17.0000	161.0000	42.0000	164.0000	10.0000	55.0000	28.0000	46.0000	26.0000	42.0000	41.0000	88.0000	36.0000	11.0000	24.0000	158.0000	37.0000	40.0000	168.0000	18.0000	35.0000	33.0000	153.0000	164.0000	7.0000	24.0000	30.0000	158.0000	37.0000	45.0000	14.0000	39.0000	104.0000	27.0000	57.0000	65.0000	160.0000	32.0000	58.0000	50.0000	164.0000	51.0000	6.0000	170.0000	6.0000	50.0000	175.0000	14.0000	156.0000	
119	56.0000	18.0000	163.0000	44.0000	166.0000	11.0000	57.0000	29.0000	47.0000	28.0000	44.0000	41.0000	89.0000	38.0000	13.0000	26.0000	3.0000	37.0000	40.0000	170.0000	20.0000	37.0000	35.0000	154.0000	165.0000	8.0000	25.0000	31.0000	160.0000	38.0000	46.0000	16.0000	40.0000	104.0000	28.0000	58.0000	66.0000	161.0000	32.0000	59.0000	50.0000	166.0000	52.0000	7.0000	172.0000	8.0000	52.0000	175.0000	15.0000	157.0000	
120	57.0000	20.0000	165.0000	44.0000	166.0000	12.0000	59.0000	30.0000	49.0000	28.0000	45.0000	43.0000	90.0000	40.0000	14.0000	28.0000	5.0000	37.0000	40.0000	171.0000	21.0000	39.0000	36.0000	155.0000	167.0000	10.0000	26.0000	33.0000	162.0000	40.0000	47.0000	16.0000	41.0000	105.0000	30.0000	59.0000	67.0000	163.0000	33.0000	60.0000	53.0000	167.0000	54.0000	8.0000	172.0000	8.0000	53.0000	175.0000	17.0000	158.0000	
;
param dt : 
	1		2		3		4		5		6		7		8		9		10		11		12		13		14		15		16		17		18		19		20		21		22		23		24		25		26		27		28		29		30		31		32		33		34		35		36		37		38		39		40		41		42		43		44		45		46		47		48		49		50	 := 
1	0.0000	0.0000	0.0000	0.0000	0.0000	0.0000	0.0000	0.0000	0.0000	0.0000	0.0000	0.0000	0.0000	0.0000	0.0000	0.0000	0.0000	0.0000	0.0000	0.0000	0.0000	0.0000	0.0000	0.0000	0.0000	0.0000	0.0000	0.0000	0.0000	0.0000	0.0000	0.0000	0.0000	0.0000	0.0000	0.0000	0.0000	0.0000	0.0000	0.0000	0.0000	0.0000	0.0000	0.0000	0.0000	0.0000	0.0000	0.0000	0.0000	0.0000	
2	0.0000	0.0000	0.0000	0.0000	0.0000	0.0000	0.0000	0.0000	0.0000	0.0000	0.0000	0.0000	0.0000	0.0000	0.0000	0.0000	0.0000	0.0000	0.0000	0.0000	0.0000	0.0000	0.0000	0.0000	0.0000	0.0000	0.0000	0.0000	0.0000	0.0000	0.0000	0.0000	0.0000	0.0000	0.0000	0.0000	0.0000	0.0000	0.0000	0.0000	0.0000	0.0000	0.0000	0.0000	0.0000	0.0000	0.0000	0.0000	0.0000	0.0000	
3	0.0000	0.0000	0.0000	0.0000	0.0000	0.0000	0.0000	0.0000	0.0000	0.0000	0.0000	0.0000	0.0000	0.0000	0.0000	0.0000	0.0000	0.0000	0.0000	0.0000	0.0000	0.0000	0.0000	0.0000	0.0000	0.0000	0.0000	0.0000	0.0000	0.0000	0.0000	0.0000	0.0000	0.0000	0.0000	0.0000	0.0000	0.0000	0.0000	0.0000	0.0000	0.0000	0.0000	0.0000	0.0000	0.0000	0.0000	0.0000	0.0000	0.0000	
4	0.0000	0.0000	0.0000	0.0000	0.0000	0.0000	0.0000	0.0000	0.0000	0.0000	0.0000	0.0000	0.0000	0.0000	0.0000	0.0000	0.0000	0.0000	0.0000	0.0000	0.0000	0.0000	0.0000	0.0000	0.0000	0.0000	0.0000	0.0000	0.0000	0.0000	0.0000	0.0000	0.0000	0.0000	0.0000	0.0000	0.0000	0.0000	0.0000	0.0000	0.0000	0.0000	0.0000	0.0000	0.0000	0.0000	0.0000	0.0000	0.0000	0.0000	
5	0.0000	0.0000	0.0000	0.0000	0.0000	0.0000	0.0000	0.0000	0.0000	0.0000	0.0000	0.0000	0.0000	0.0000	0.0000	0.0000	0.0000	0.0000	0.0000	0.0000	0.0000	0.0000	0.0000	0.0000	0.0000	0.0000	0.0000	0.0000	0.0000	0.0000	0.0000	0.0000	0.0000	0.0000	0.0000	0.0000	0.0000	0.0000	0.0000	0.0000	0.0000	0.0000	0.0000	0.0000	0.0000	0.0000	0.0000	0.0000	0.0000	0.0000	
6	0.0000	0.0000	0.0000	0.0000	0.0000	0.0000	0.0000	0.0000	0.0000	0.0000	0.0000	0.0000	0.0000	0.0000	0.0000	0.0000	0.0000	0.0000	0.0000	0.0000	0.0000	0.0000	0.0000	0.0000	0.0000	0.0000	0.0000	0.0000	0.0000	0.0000	0.0000	0.0000	0.0000	0.0000	0.0000	0.0000	0.0000	0.0000	0.0000	0.0000	0.0000	0.0000	0.0000	0.0000	0.0000	0.0000	0.0000	0.0000	0.0000	0.0000	
7	0.0000	0.0000	0.0000	0.0000	0.0000	0.0000	0.0000	0.0000	0.0000	0.0000	0.0000	0.0000	0.0000	0.0000	0.0000	0.0000	0.0000	0.0000	0.0000	0.0000	0.0000	0.0000	0.0000	0.0000	0.0000	0.0000	0.0000	0.0000	0.0000	0.0000	0.0000	0.0000	0.0000	0.0000	0.0000	0.0000	0.0000	0.0000	0.0000	0.0000	0.0000	0.0000	0.0000	0.0000	0.0000	0.0000	0.0000	0.0000	0.0000	0.0000	
8	0.0000	0.0000	0.0000	0.0000	0.0000	0.0000	0.0000	0.0000	0.0000	0.0000	0.0000	0.0000	0.0000	0.0000	0.0000	0.0000	0.0000	0.0000	0.0000	0.0000	0.0000	0.0000	0.0000	0.0000	0.0000	0.0000	0.0000	0.0000	0.0000	0.0000	0.0000	0.0000	0.0000	0.0000	0.0000	0.0000	0.0000	0.0000	0.0000	0.0000	0.0000	0.0000	0.0000	0.0000	0.0000	0.0000	0.0000	0.0000	0.0000	0.0000	
9	0.0000	0.0000	0.0000	0.0000	0.0000	0.0000	0.0000	0.0000	0.0000	0.0000	0.0000	0.0000	0.0000	0.0000	0.0000	0.0000	0.0000	0.0000	0.0000	0.0000	0.0000	0.0000	0.0000	0.0000	0.0000	0.0000	0.0000	0.0000	0.0000	0.0000	0.0000	0.0000	0.0000	0.0000	0.0000	0.0000	0.0000	0.0000	0.0000	0.0000	0.0000	0.0000	0.0000	0.0000	0.0000	0.0000	0.0000	0.0000	0.0000	0.0000	
10	0.0000	0.0000	0.0000	0.0000	0.0000	0.0000	0.0000	0.0000	0.0000	0.0000	0.0000	0.0000	0.0000	0.0000	0.0000	0.0000	0.0000	0.0000	0.0000	0.0000	0.0000	0.0000	0.0000	0.0000	0.0000	0.0000	0.0000	0.0000	0.0000	0.0000	0.0000	0.0000	0.0000	0.0000	0.0000	0.0000	0.0000	0.0000	0.0000	0.0000	0.0000	0.0000	0.0000	0.0000	0.0000	0.0000	0.0000	0.0000	0.0000	0.0000	
11	0.0000	0.0000	0.0000	0.0000	0.0000	0.0000	0.0000	0.0000	0.0000	0.0000	0.0000	0.0000	0.0000	0.0000	0.0000	0.0000	0.0000	0.0000	0.0000	0.0000	0.0000	0.0000	0.0000	0.0000	0.0000	0.0000	0.0000	0.0000	0.0000	0.0000	0.0000	0.0000	0.0000	0.0000	0.0000	0.0000	0.0000	0.0000	0.0000	0.0000	0.0000	0.0000	0.0000	0.0000	0.0000	0.0000	0.0000	0.0000	0.0000	0.0000	
12	0.0000	0.0000	0.0000	0.0000	0.0000	0.0000	0.0000	0.0000	0.0000	0.0000	0.0000	0.0000	0.0000	0.0000	0.0000	0.0000	0.0000	0.0000	0.0000	0.0000	0.0000	0.0000	0.0000	0.0000	0.0000	0.0000	0.0000	0.0000	0.0000	0.0000	0.0000	0.0000	0.0000	0.0000	0.0000	0.0000	0.0000	0.0000	0.0000	0.0000	0.0000	0.0000	0.0000	0.0000	0.0000	0.0000	0.0000	0.0000	0.0000	0.0000	
13	0.0000	0.0000	0.0000	0.0000	0.0000	0.0000	0.0000	0.0000	0.0000	0.0000	0.0000	0.0000	0.0000	0.0000	0.0000	0.0000	0.0000	0.0000	0.0000	0.0000	0.0000	0.0000	0.0000	0.0000	0.0000	0.0000	0.0000	0.0000	0.0000	0.0000	0.0000	0.0000	0.0000	0.0000	0.0000	0.0000	0.0000	0.0000	0.0000	0.0000	0.0000	0.0000	0.0000	0.0000	0.0000	0.0000	0.0000	0.0000	0.0000	0.0000	
14	0.0000	0.0000	0.0000	0.0000	0.0000	0.0000	0.0000	0.0000	0.0000	0.0000	0.0000	0.0000	0.0000	0.0000	0.0000	0.0000	0.0000	0.0000	0.0000	0.0000	0.0000	0.0000	0.0000	0.0000	0.0000	0.0000	0.0000	0.0000	0.0000	0.0000	0.0000	0.0000	0.0000	0.0000	0.0000	0.0000	0.0000	0.0000	0.0000	0.0000	0.0000	0.0000	0.0000	0.0000	0.0000	0.0000	0.0000	0.0000	0.0000	0.0000	
15	0.0000	0.0000	0.0000	0.0000	0.0000	0.0000	0.0000	0.0000	0.0000	0.0000	0.0000	0.0000	0.0000	0.0000	0.0000	0.0000	0.0000	0.0000	0.0000	0.0000	0.0000	0.0000	0.0000	0.0000	0.0000	0.0000	0.0000	0.0000	0.0000	0.0000	0.0000	0.0000	0.0000	0.0000	0.0000	0.0000	0.0000	0.0000	0.0000	0.0000	0.0000	0.0000	0.0000	0.0000	0.0000	0.0000	0.0000	0.0000	0.0000	0.0000	
16	0.0000	0.0000	0.0000	0.0000	0.0000	0.0000	0.0000	0.0000	0.0000	0.0000	0.0000	0.0000	0.0000	0.0000	0.0000	0.0000	0.0000	0.0000	0.0000	0.0000	0.0000	0.0000	0.0000	0.0000	0.0000	0.0000	0.0000	0.0000	0.0000	0.0000	0.0000	0.0000	0.0000	0.0000	0.0000	0.0000	0.0000	0.0000	0.0000	0.0000	0.0000	0.0000	0.0000	0.0000	0.0000	0.0000	0.0000	0.0000	0.0000	0.0000	
17	0.0000	0.0000	0.0000	0.0000	0.0000	0.0000	0.0000	0.0000	0.0000	0.0000	0.0000	0.0000	0.0000	0.0000	0.0000	0.0000	0.0000	0.0000	0.0000	0.0000	0.0000	0.0000	0.0000	0.0000	0.0000	0.0000	0.0000	0.0000	0.0000	0.0000	0.0000	0.0000	0.0000	0.0000	0.0000	0.0000	0.0000	0.0000	0.0000	0.0000	0.0000	0.0000	0.0000	0.0000	0.0000	0.0000	0.0000	0.0000	0.0000	0.0000	
18	0.0000	0.0000	0.0000	0.0000	0.0000	0.0000	0.0000	0.0000	0.0000	0.0000	0.0000	0.0000	0.0000	0.0000	0.0000	0.0000	0.0000	0.0000	0.0000	0.0000	0.0000	0.0000	0.0000	0.0000	0.0000	0.0000	0.0000	0.0000	0.0000	0.0000	0.0000	0.0000	0.0000	0.0000	0.0000	0.0000	0.0000	0.0000	0.0000	0.0000	0.0000	0.0000	0.0000	0.0000	0.0000	0.0000	0.0000	0.0000	0.0000	0.0000	
19	0.0000	0.0000	0.0000	0.0000	0.0000	0.0000	0.0000	0.0000	0.0000	0.0000	0.0000	0.0000	0.0000	0.0000	0.0000	0.0000	0.0000	0.0000	0.0000	0.0000	0.0000	0.0000	0.0000	0.0000	0.0000	0.0000	0.0000	0.0000	0.0000	0.0000	0.0000	0.0000	0.0000	0.0000	0.0000	0.0000	0.0000	0.0000	0.0000	0.0000	0.0000	0.0000	0.0000	0.0000	0.0000	0.0000	0.0000	0.0000	0.0000	0.0000	
20	0.0000	0.0000	0.0000	0.0000	0.0000	0.0000	0.0000	0.0000	0.0000	0.0000	0.0000	0.0000	0.0000	0.0000	0.0000	0.0000	0.0000	0.0000	0.0000	0.0000	0.0000	0.0000	0.0000	0.0000	0.0000	0.0000	0.0000	0.0000	0.0000	0.0000	0.0000	0.0000	0.0000	0.0000	0.0000	0.0000	0.0000	0.0000	0.0000	0.0000	0.0000	0.0000	0.0000	0.0000	0.0000	0.0000	0.0000	0.0000	0.0000	0.0000	
21	0.0000	0.0000	0.0000	0.0000	0.0000	0.0000	0.0000	0.0000	0.0000	0.0000	0.0000	0.0000	0.0000	0.0000	0.0000	0.0000	0.0000	0.0000	0.0000	0.0000	0.0000	0.0000	0.0000	0.0000	0.0000	0.0000	0.0000	0.0000	0.0000	0.0000	0.0000	0.0000	0.0000	0.0000	0.0000	0.0000	0.0000	0.0000	0.0000	0.0000	0.0000	0.0000	0.0000	0.0000	0.0000	0.0000	0.0000	0.0000	0.0000	0.0000	
22	0.0000	0.0000	0.0000	0.0000	0.0000	0.0000	0.0000	0.0000	0.0000	0.0000	0.0000	0.0000	0.0000	0.0000	0.0000	0.0000	0.0000	0.0000	0.0000	0.0000	0.0000	0.0000	0.0000	0.0000	0.0000	0.0000	0.0000	0.0000	0.0000	0.0000	0.0000	0.0000	0.0000	0.0000	0.0000	0.0000	0.0000	0.0000	0.0000	0.0000	0.0000	0.0000	0.0000	0.0000	0.0000	0.0000	0.0000	0.0000	0.0000	0.0000	
23	0.0000	0.0000	0.0000	0.0000	0.0000	0.0000	0.0000	0.0000	0.0000	0.0000	0.0000	0.0000	0.0000	0.0000	0.0000	0.0000	0.0000	0.0000	0.0000	0.0000	0.0000	0.0000	0.0000	0.0000	0.0000	0.0000	0.0000	0.0000	0.0000	0.0000	0.0000	0.0000	0.0000	0.0000	0.0000	0.0000	0.0000	0.0000	0.0000	0.0000	0.0000	0.0000	0.0000	0.0000	0.0000	0.0000	0.0000	0.0000	0.0000	0.0000	
24	0.0000	0.0000	0.0000	0.0000	0.0000	0.0000	0.0000	0.0000	0.0000	0.0000	0.0000	0.0000	0.0000	0.0000	0.0000	0.0000	0.0000	0.0000	0.0000	0.0000	0.0000	0.0000	0.0000	0.0000	0.0000	0.0000	0.0000	0.0000	0.0000	0.0000	0.0000	0.0000	0.0000	0.0000	0.0000	0.0000	0.0000	0.0000	0.0000	0.0000	0.0000	0.0000	0.0000	0.0000	0.0000	0.0000	0.0000	0.0000	0.0000	0.0000	
25	0.0000	0.0000	0.0000	0.0000	0.0000	0.0000	0.0000	0.0000	0.0000	0.0000	0.0000	0.0000	0.0000	0.0000	0.0000	0.0000	0.0000	0.0000	0.0000	0.0000	0.0000	0.0000	0.0000	0.0000	0.0000	0.0000	0.0000	0.0000	0.0000	0.0000	0.0000	0.0000	0.0000	0.0000	0.0000	0.0000	0.0000	0.0000	0.0000	0.0000	0.0000	0.0000	0.0000	0.0000	0.0000	0.0000	0.0000	0.0000	0.0000	0.0000	
26	0.0000	0.0000	0.0000	0.0000	0.0000	0.0000	0.0000	0.0000	0.0000	0.0000	0.0000	0.0000	0.0000	0.0000	0.0000	0.0000	0.0000	0.0000	0.0000	0.0000	0.0000	0.0000	0.0000	0.0000	0.0000	0.0000	0.0000	0.0000	0.0000	0.0000	0.0000	0.0000	0.0000	0.0000	0.0000	0.0000	0.0000	0.0000	0.0000	0.0000	0.0000	0.0000	0.0000	0.0000	0.0000	0.0000	0.0000	0.0000	0.0000	0.0000	
27	0.0000	0.0000	0.0000	0.0000	0.0000	0.0000	0.0000	0.0000	0.0000	0.0000	0.0000	0.0000	0.0000	0.0000	0.0000	0.0000	0.0000	0.0000	0.0000	0.0000	0.0000	0.0000	0.0000	0.0000	0.0000	0.0000	0.0000	0.0000	0.0000	0.0000	0.0000	0.0000	0.0000	0.0000	0.0000	0.0000	0.0000	0.0000	0.0000	0.0000	0.0000	0.0000	0.0000	0.0000	0.0000	0.0000	0.0000	0.0000	0.0000	0.0000	
28	0.0000	0.0000	0.0000	0.0000	0.0000	0.0000	0.0000	0.0000	0.0000	0.0000	0.0000	0.0000	0.0000	0.0000	0.0000	0.0000	0.0000	0.0000	0.0000	0.0000	0.0000	0.0000	0.0000	0.0000	0.0000	0.0000	0.0000	0.0000	0.0000	0.0000	0.0000	0.0000	0.0000	0.0000	0.0000	0.0000	0.0000	0.0000	0.0000	0.0000	0.0000	0.0000	0.0000	0.0000	0.0000	0.0000	0.0000	0.0000	0.0000	0.0000	
29	0.0000	0.0000	0.0000	0.0000	0.0000	0.0000	0.0000	0.0000	0.0000	0.0000	0.0000	0.0000	0.0000	0.0000	0.0000	0.0000	0.0000	0.0000	0.0000	0.0000	0.0000	0.0000	0.0000	0.0000	0.0000	0.0000	0.0000	0.0000	0.0000	0.0000	0.0000	0.0000	0.0000	0.0000	0.0000	0.0000	0.0000	0.0000	0.0000	0.0000	0.0000	0.0000	0.0000	0.0000	0.0000	0.0000	0.0000	0.0000	0.0000	0.0000	
30	0.0000	0.0000	0.0000	0.0000	0.0000	0.0000	0.0000	0.0000	0.0000	0.0000	0.0000	0.0000	0.0000	0.0000	0.0000	0.0000	0.0000	0.0000	0.0000	0.0000	0.0000	0.0000	0.0000	0.0000	0.0000	0.0000	0.0000	0.0000	0.0000	0.0000	0.0000	0.0000	0.0000	0.0000	0.0000	0.0000	0.0000	0.0000	0.0000	0.0000	0.0000	0.0000	0.0000	0.0000	0.0000	0.0000	0.0000	0.0000	0.0000	0.0000	
31	0.0000	0.0000	0.0000	0.0000	0.0000	0.0000	0.0000	0.0000	0.0000	0.0000	0.0000	0.0000	0.0000	0.0000	0.0000	0.0000	0.0000	0.0000	0.0000	0.0000	0.0000	0.0000	0.0000	0.0000	0.0000	0.0000	0.0000	0.0000	0.0000	0.0000	0.0000	0.0000	0.0000	0.0000	0.0000	0.0000	0.0000	0.0000	0.0000	0.0000	0.0000	0.0000	0.0000	0.0000	0.0000	0.0000	0.0000	0.0000	0.0000	0.0000	
32	0.0000	0.0000	0.0000	0.0000	0.0000	0.0000	0.0000	0.0000	0.0000	0.0000	0.0000	0.0000	0.0000	0.0000	0.0000	0.0000	0.0000	0.0000	0.0000	0.0000	0.0000	0.0000	0.0000	0.0000	0.0000	0.0000	0.0000	0.0000	0.0000	0.0000	0.0000	0.0000	0.0000	0.0000	0.0000	0.0000	0.0000	0.0000	0.0000	0.0000	0.0000	0.0000	0.0000	0.0000	0.0000	0.0000	0.0000	0.0000	0.0000	0.0000	
33	0.0000	0.0000	0.0000	0.0000	0.0000	0.0000	0.0000	0.0000	0.0000	0.0000	0.0000	0.0000	0.0000	0.0000	0.0000	0.0000	0.0000	0.0000	0.0000	0.0000	0.0000	0.0000	0.0000	0.0000	0.0000	0.0000	0.0000	0.0000	0.0000	0.0000	0.0000	0.0000	0.0000	0.0000	0.0000	0.0000	0.0000	0.0000	0.0000	0.0000	0.0000	0.0000	0.0000	0.0000	0.0000	0.0000	0.0000	0.0000	0.0000	0.0000	
34	0.0000	0.0000	0.0000	0.0000	0.0000	0.0000	0.0000	0.0000	0.0000	0.0000	0.0000	0.0000	0.0000	0.0000	0.0000	0.0000	0.0000	0.0000	0.0000	0.0000	0.0000	0.0000	0.0000	0.0000	0.0000	0.0000	0.0000	0.0000	0.0000	0.0000	0.0000	0.0000	0.0000	0.0000	0.0000	0.0000	0.0000	0.0000	0.0000	0.0000	0.0000	0.0000	0.0000	0.0000	0.0000	0.0000	0.0000	0.0000	0.0000	0.0000	
35	0.0000	0.0000	0.0000	0.0000	0.0000	0.0000	0.0000	0.0000	0.0000	0.0000	0.0000	0.0000	0.0000	0.0000	0.0000	0.0000	0.0000	0.0000	0.0000	0.0000	0.0000	0.0000	0.0000	0.0000	0.0000	0.0000	0.0000	0.0000	0.0000	0.0000	0.0000	0.0000	0.0000	0.0000	0.0000	0.0000	0.0000	0.0000	0.0000	0.0000	0.0000	0.0000	0.0000	0.0000	0.0000	0.0000	0.0000	0.0000	0.0000	0.0000	
36	0.0000	0.0000	0.0000	0.0000	0.0000	0.0000	0.0000	0.0000	0.0000	0.0000	0.0000	0.0000	0.0000	0.0000	0.0000	0.0000	0.0000	0.0000	0.0000	0.0000	0.0000	0.0000	0.0000	0.0000	0.0000	0.0000	0.0000	0.0000	0.0000	0.0000	0.0000	0.0000	0.0000	0.0000	0.0000	0.0000	0.0000	0.0000	0.0000	0.0000	0.0000	0.0000	0.0000	0.0000	0.0000	0.0000	0.0000	0.0000	0.0000	0.0000	
37	0.0000	0.0000	0.0000	0.0000	0.0000	0.0000	0.0000	0.0000	0.0000	0.0000	0.0000	0.0000	0.0000	0.0000	0.0000	0.0000	0.0000	0.0000	0.0000	0.0000	0.0000	0.0000	0.0000	0.0000	0.0000	0.0000	0.0000	0.0000	0.0000	0.0000	0.0000	0.0000	0.0000	0.0000	0.0000	0.0000	0.0000	0.0000	0.0000	0.0000	0.0000	0.0000	0.0000	0.0000	0.0000	0.0000	0.0000	0.0000	0.0000	0.0000	
38	0.0000	0.0000	0.0000	0.0000	0.0000	0.0000	0.0000	0.0000	0.0000	0.0000	0.0000	0.0000	0.0000	0.0000	0.0000	0.0000	0.0000	0.0000	0.0000	0.0000	0.0000	0.0000	0.0000	0.0000	0.0000	0.0000	0.0000	0.0000	0.0000	0.0000	0.0000	0.0000	0.0000	0.0000	0.0000	0.0000	0.0000	0.0000	0.0000	0.0000	0.0000	0.0000	0.0000	0.0000	0.0000	0.0000	0.0000	0.0000	0.0000	0.0000	
39	0.0000	0.0000	0.0000	0.0000	0.0000	0.0000	0.0000	0.0000	0.0000	0.0000	0.0000	0.0000	0.0000	0.0000	0.0000	0.0000	0.0000	0.0000	0.0000	0.0000	0.0000	0.0000	0.0000	0.0000	0.0000	0.0000	0.0000	0.0000	0.0000	0.0000	0.0000	0.0000	0.0000	0.0000	0.0000	0.0000	0.0000	0.0000	0.0000	0.0000	0.0000	0.0000	0.0000	0.0000	0.0000	0.0000	0.0000	0.0000	0.0000	0.0000	
40	0.0000	0.0000	0.0000	0.0000	0.0000	0.0000	0.0000	0.0000	0.0000	0.0000	0.0000	0.0000	0.0000	0.0000	0.0000	0.0000	0.0000	0.0000	0.0000	0.0000	0.0000	0.0000	0.0000	0.0000	0.0000	0.0000	0.0000	0.0000	0.0000	0.0000	0.0000	0.0000	0.0000	0.0000	0.0000	0.0000	0.0000	0.0000	0.0000	0.0000	0.0000	0.0000	0.0000	0.0000	0.0000	0.0000	0.0000	0.0000	0.0000	0.0000	
41	0.0000	0.0000	0.0000	0.0000	0.0000	0.0000	0.0000	0.0000	0.0000	0.0000	0.0000	0.0000	0.0000	0.0000	0.0000	0.0000	0.0000	0.0000	0.0000	0.0000	0.0000	0.0000	0.0000	0.0000	0.0000	0.0000	0.0000	0.0000	0.0000	0.0000	0.0000	0.0000	0.0000	0.0000	0.0000	0.0000	0.0000	0.0000	0.0000	0.0000	0.0000	0.0000	0.0000	0.0000	0.0000	0.0000	0.0000	0.0000	0.0000	0.0000	
42	0.0000	0.0000	0.0000	0.0000	0.0000	0.0000	0.0000	0.0000	0.0000	0.0000	0.0000	0.0000	0.0000	0.0000	0.0000	0.0000	0.0000	0.0000	0.0000	0.0000	0.0000	0.0000	0.0000	0.0000	0.0000	0.0000	0.0000	0.0000	0.0000	0.0000	0.0000	0.0000	0.0000	0.0000	0.0000	0.0000	0.0000	0.0000	0.0000	0.0000	0.0000	0.0000	0.0000	0.0000	0.0000	0.0000	0.0000	0.0000	0.0000	0.0000	
43	0.0000	0.0000	0.0000	0.0000	0.0000	0.0000	0.0000	0.0000	0.0000	0.0000	0.0000	0.0000	0.0000	0.0000	0.0000	0.0000	0.0000	0.0000	0.0000	0.0000	0.0000	0.0000	0.0000	0.0000	0.0000	0.0000	0.0000	0.0000	0.0000	0.0000	0.0000	0.0000	0.0000	0.0000	0.0000	0.0000	0.0000	0.0000	0.0000	0.0000	0.0000	0.0000	0.0000	0.0000	0.0000	0.0000	0.0000	0.0000	0.0000	0.0000	
44	0.0000	0.0000	0.0000	0.0000	0.0000	0.0000	0.0000	0.0000	0.0000	0.0000	0.0000	0.0000	0.0000	0.0000	0.0000	0.0000	0.0000	0.0000	0.0000	0.0000	0.0000	0.0000	0.0000	0.0000	0.0000	0.0000	0.0000	0.0000	0.0000	0.0000	0.0000	0.0000	0.0000	0.0000	0.0000	0.0000	0.0000	0.0000	0.0000	0.0000	0.0000	0.0000	0.0000	0.0000	0.0000	0.0000	0.0000	0.0000	0.0000	0.0000	
45	0.0000	0.0000	0.0000	0.0000	0.0000	0.0000	0.0000	0.0000	0.0000	0.0000	0.0000	0.0000	0.0000	0.0000	0.0000	0.0000	0.0000	0.0000	0.0000	0.0000	0.0000	0.0000	0.0000	0.0000	0.0000	0.0000	0.0000	0.0000	0.0000	0.0000	0.0000	0.0000	0.0000	0.0000	0.0000	0.0000	0.0000	0.0000	0.0000	0.0000	0.0000	0.0000	0.0000	0.0000	0.0000	0.0000	0.0000	0.0000	0.0000	0.0000	
46	0.0000	0.0000	0.0000	0.0000	0.0000	0.0000	0.0000	0.0000	0.0000	0.0000	0.0000	0.0000	0.0000	0.0000	0.0000	0.0000	0.0000	0.0000	0.0000	0.0000	0.0000	0.0000	0.0000	0.0000	0.0000	0.0000	0.0000	0.0000	0.0000	0.0000	0.0000	0.0000	0.0000	0.0000	0.0000	0.0000	0.0000	0.0000	0.0000	0.0000	0.0000	0.0000	0.0000	0.0000	0.0000	0.0000	0.0000	0.0000	0.0000	0.0000	
47	0.0000	0.0000	0.0000	0.0000	0.0000	0.0000	0.0000	0.0000	0.0000	0.0000	0.0000	0.0000	0.0000	0.0000	0.0000	0.0000	0.0000	0.0000	0.0000	0.0000	0.0000	0.0000	0.0000	0.0000	0.0000	0.0000	0.0000	0.0000	0.0000	0.0000	0.0000	0.0000	0.0000	0.0000	0.0000	0.0000	0.0000	0.0000	0.0000	0.0000	0.0000	0.0000	0.0000	0.0000	0.0000	0.0000	0.0000	0.0000	0.0000	0.0000	
48	0.0000	0.0000	0.0000	0.0000	0.0000	0.0000	0.0000	0.0000	0.0000	0.0000	0.0000	0.0000	0.0000	0.0000	0.0000	0.0000	0.0000	0.0000	0.0000	0.0000	0.0000	0.0000	0.0000	0.0000	0.0000	0.0000	0.0000	0.0000	0.0000	0.0000	0.0000	0.0000	0.0000	0.0000	0.0000	0.0000	0.0000	0.0000	0.0000	0.0000	0.0000	0.0000	0.0000	0.0000	0.0000	0.0000	0.0000	0.0000	0.0000	0.0000	
49	0.0000	0.0000	0.0000	0.0000	0.0000	0.0000	0.0000	0.0000	0.0000	0.0000	0.0000	0.0000	0.0000	0.0000	0.0000	0.0000	0.0000	0.0000	0.0000	0.0000	0.0000	0.0000	0.0000	0.0000	0.0000	0.0000	0.0000	0.0000	0.0000	0.0000	0.0000	0.0000	0.0000	0.0000	0.0000	0.0000	0.0000	0.0000	0.0000	0.0000	0.0000	0.0000	0.0000	0.0000	0.0000	0.0000	0.0000	0.0000	0.0000	0.0000	
50	0.0000	0.0000	0.0000	0.0000	0.0000	0.0000	0.0000	0.0000	0.0000	0.0000	0.0000	0.0000	0.0000	0.0000	0.0000	0.0000	0.0000	0.0000	0.0000	0.0000	0.0000	0.0000	0.0000	0.0000	0.0000	0.0000	0.0000	0.0000	0.0000	0.0000	0.0000	0.0000	0.0000	1.0000	0.0000	0.0000	0.0000	0.0000	0.0000	0.0000	0.0000	0.0000	0.0000	0.0000	0.0000	0.0000	0.0000	0.0000	0.0000	0.0000	
51	0.0000	0.0000	0.0000	0.0000	0.0000	0.0000	0.0000	0.0000	0.0000	0.0000	0.0000	0.0000	0.0000	0.0000	0.0000	0.0000	0.0000	0.0000	0.0000	0.0000	0.0000	0.0000	0.0000	0.0000	0.0000	0.0000	0.0000	0.0000	0.0000	0.0000	0.0000	0.0000	0.0000	0.0000	0.0000	0.0000	0.0000	0.0000	0.0000	0.0000	0.0000	0.0000	0.0000	0.0000	0.0000	0.0000	0.0000	0.0000	0.0000	0.0000	
52	0.0000	0.0000	0.0000	0.0000	0.0000	0.0000	0.0000	0.0000	0.0000	0.0000	0.0000	0.0000	0.0000	0.0000	0.0000	0.0000	0.0000	0.0000	0.0000	0.0000	0.0000	0.0000	0.0000	0.0000	0.0000	0.0000	0.0000	0.0000	0.0000	0.0000	0.0000	0.0000	0.0000	0.0000	0.0000	0.0000	0.0000	0.0000	0.0000	0.0000	0.0000	0.0000	0.0000	0.0000	0.0000	0.0000	0.0000	0.0000	0.0000	0.0000	
53	0.0000	0.0000	0.0000	0.0000	0.0000	0.0000	0.0000	0.0000	0.0000	0.0000	0.0000	0.0000	0.0000	0.0000	0.0000	0.0000	0.0000	0.0000	0.0000	0.0000	0.0000	0.0000	0.0000	0.0000	0.0000	0.0000	0.0000	0.0000	0.0000	0.0000	0.0000	0.0000	0.0000	0.0000	0.0000	0.0000	0.0000	0.0000	0.0000	0.0000	0.0000	0.0000	0.0000	0.0000	0.0000	0.0000	0.0000	0.0000	0.0000	0.0000	
54	0.0000	0.0000	0.0000	0.0000	0.0000	0.0000	0.0000	0.0000	0.0000	0.0000	0.0000	0.0000	0.0000	0.0000	0.0000	0.0000	0.0000	0.0000	0.0000	0.0000	0.0000	0.0000	0.0000	0.0000	0.0000	0.0000	0.0000	0.0000	0.0000	0.0000	0.0000	0.0000	0.0000	0.0000	0.0000	0.0000	0.0000	0.0000	0.0000	0.0000	0.0000	0.0000	0.0000	0.0000	0.0000	0.0000	0.0000	0.0000	0.0000	0.0000	
55	0.0000	0.0000	0.0000	0.0000	0.0000	0.0000	0.0000	0.0000	0.0000	0.0000	0.0000	0.0000	0.0000	0.0000	0.0000	0.0000	0.0000	0.0000	0.0000	0.0000	0.0000	0.0000	0.0000	0.0000	0.0000	0.0000	0.0000	0.0000	0.0000	0.0000	0.0000	0.0000	0.0000	0.0000	0.0000	0.0000	0.0000	0.0000	0.0000	0.0000	0.0000	0.0000	0.0000	0.0000	0.0000	0.0000	0.0000	0.0000	0.0000	0.0000	
56	0.0000	0.0000	0.0000	0.0000	0.0000	0.0000	0.0000	0.0000	0.0000	0.0000	0.0000	0.0000	0.0000	0.0000	0.0000	0.0000	0.0000	0.0000	0.0000	0.0000	0.0000	0.0000	0.0000	0.0000	0.0000	0.0000	0.0000	0.0000	0.0000	0.0000	0.0000	0.0000	0.0000	0.0000	0.0000	0.0000	0.0000	0.0000	0.0000	0.0000	0.0000	0.0000	0.0000	0.0000	0.0000	0.0000	0.0000	0.0000	0.0000	0.0000	
57	0.0000	0.0000	0.0000	0.0000	0.0000	0.0000	0.0000	0.0000	0.0000	0.0000	0.0000	0.0000	1.0000	0.0000	0.0000	0.0000	0.0000	0.0000	0.0000	0.0000	0.0000	0.0000	0.0000	0.0000	0.0000	0.0000	0.0000	0.0000	0.0000	0.0000	0.0000	0.0000	0.0000	0.0000	0.0000	0.0000	0.0000	0.0000	0.0000	0.0000	0.0000	0.0000	0.0000	0.0000	0.0000	0.0000	0.0000	0.0000	0.0000	0.0000	
58	0.0000	0.0000	0.0000	0.0000	0.0000	0.0000	0.0000	0.0000	0.0000	0.0000	0.0000	0.0000	0.0000	0.0000	0.0000	0.0000	0.0000	0.0000	0.0000	0.0000	0.0000	0.0000	0.0000	0.0000	0.0000	0.0000	0.0000	0.0000	0.0000	0.0000	0.0000	0.0000	0.0000	0.0000	0.0000	0.0000	0.0000	0.0000	0.0000	0.0000	0.0000	0.0000	0.0000	0.0000	0.0000	0.0000	0.0000	0.0000	0.0000	0.0000	
59	0.0000	0.0000	0.0000	0.0000	0.0000	0.0000	0.0000	0.0000	0.0000	0.0000	0.0000	0.0000	0.0000	0.0000	0.0000	0.0000	0.0000	0.0000	0.0000	0.0000	0.0000	0.0000	0.0000	0.0000	0.0000	0.0000	0.0000	0.0000	0.0000	0.0000	0.0000	0.0000	0.0000	0.0000	0.0000	0.0000	0.0000	0.0000	0.0000	0.0000	0.0000	0.0000	0.0000	0.0000	0.0000	0.0000	0.0000	0.0000	0.0000	0.0000	
60	0.0000	0.0000	0.0000	0.0000	0.0000	0.0000	0.0000	0.0000	0.0000	0.0000	0.0000	0.0000	0.0000	0.0000	0.0000	0.0000	0.0000	0.0000	0.0000	0.0000	0.0000	0.0000	0.0000	0.0000	0.0000	0.0000	0.0000	0.0000	0.0000	0.0000	0.0000	0.0000	0.0000	0.0000	0.0000	0.0000	0.0000	0.0000	0.0000	0.0000	0.0000	0.0000	0.0000	0.0000	0.0000	0.0000	0.0000	0.0000	0.0000	0.0000	
61	0.0000	0.0000	0.0000	0.0000	0.0000	0.0000	0.0000	0.0000	0.0000	0.0000	0.0000	0.0000	0.0000	0.0000	0.0000	0.0000	0.0000	0.0000	0.0000	0.0000	0.0000	0.0000	0.0000	0.0000	0.0000	0.0000	0.0000	0.0000	0.0000	0.0000	0.0000	0.0000	0.0000	0.0000	0.0000	0.0000	0.0000	0.0000	0.0000	0.0000	0.0000	0.0000	0.0000	0.0000	0.0000	0.0000	0.0000	0.0000	0.0000	0.0000	
62	0.0000	0.0000	0.0000	0.0000	0.0000	0.0000	0.0000	0.0000	0.0000	0.0000	0.0000	0.0000	0.0000	0.0000	0.0000	0.0000	0.0000	0.0000	0.0000	0.0000	0.0000	0.0000	0.0000	0.0000	0.0000	0.0000	0.0000	0.0000	0.0000	0.0000	0.0000	0.0000	0.0000	0.0000	0.0000	0.0000	0.0000	0.0000	0.0000	0.0000	0.0000	0.0000	0.0000	0.0000	0.0000	0.0000	0.0000	0.0000	0.0000	0.0000	
63	0.0000	0.0000	0.0000	0.0000	0.0000	0.0000	0.0000	0.0000	0.0000	0.0000	0.0000	0.0000	0.0000	0.0000	0.0000	0.0000	0.0000	0.0000	0.0000	0.0000	0.0000	0.0000	0.0000	0.0000	0.0000	0.0000	0.0000	0.0000	0.0000	0.0000	0.0000	0.0000	0.0000	0.0000	0.0000	0.0000	0.0000	0.0000	0.0000	0.0000	0.0000	0.0000	0.0000	0.0000	0.0000	0.0000	0.0000	0.0000	0.0000	0.0000	
64	0.0000	0.0000	0.0000	0.0000	0.0000	0.0000	0.0000	0.0000	0.0000	0.0000	0.0000	0.0000	0.0000	0.0000	0.0000	0.0000	0.0000	0.0000	0.0000	0.0000	0.0000	0.0000	0.0000	0.0000	0.0000	0.0000	0.0000	0.0000	0.0000	0.0000	0.0000	0.0000	0.0000	0.0000	0.0000	0.0000	0.0000	0.0000	0.0000	0.0000	0.0000	0.0000	0.0000	0.0000	0.0000	0.0000	0.0000	0.0000	0.0000	0.0000	
65	0.0000	0.0000	0.0000	0.0000	0.0000	0.0000	0.0000	0.0000	0.0000	0.0000	0.0000	0.0000	0.0000	0.0000	0.0000	0.0000	0.0000	0.0000	0.0000	0.0000	0.0000	0.0000	0.0000	0.0000	0.0000	0.0000	0.0000	0.0000	0.0000	0.0000	0.0000	0.0000	0.0000	0.0000	0.0000	0.0000	0.0000	0.0000	0.0000	0.0000	0.0000	0.0000	0.0000	0.0000	0.0000	0.0000	0.0000	0.0000	0.0000	0.0000	
66	0.0000	0.0000	0.0000	0.0000	0.0000	0.0000	0.0000	0.0000	0.0000	0.0000	0.0000	0.0000	0.0000	0.0000	0.0000	0.0000	0.0000	0.0000	0.0000	0.0000	0.0000	0.0000	0.0000	0.0000	0.0000	0.0000	0.0000	0.0000	0.0000	0.0000	0.0000	0.0000	0.0000	0.0000	0.0000	0.0000	0.0000	0.0000	0.0000	0.0000	0.0000	0.0000	0.0000	0.0000	0.0000	0.0000	0.0000	0.0000	0.0000	0.0000	
67	0.0000	0.0000	0.0000	0.0000	0.0000	0.0000	0.0000	0.0000	0.0000	0.0000	0.0000	0.0000	0.0000	0.0000	0.0000	0.0000	0.0000	0.0000	0.0000	0.0000	0.0000	0.0000	0.0000	0.0000	0.0000	0.0000	0.0000	0.0000	0.0000	0.0000	0.0000	0.0000	0.0000	0.0000	0.0000	0.0000	0.0000	0.0000	0.0000	0.0000	0.0000	0.0000	0.0000	0.0000	0.0000	0.0000	0.0000	0.0000	0.0000	0.0000	
68	0.0000	0.0000	0.0000	0.0000	0.0000	0.0000	0.0000	0.0000	0.0000	0.0000	0.0000	0.0000	0.0000	0.0000	0.0000	0.0000	0.0000	0.0000	0.0000	0.0000	0.0000	0.0000	0.0000	0.0000	0.0000	0.0000	0.0000	0.0000	0.0000	0.0000	0.0000	0.0000	0.0000	0.0000	0.0000	0.0000	0.0000	0.0000	0.0000	0.0000	0.0000	0.0000	0.0000	0.0000	0.0000	0.0000	0.0000	0.0000	0.0000	0.0000	
69	0.0000	0.0000	0.0000	0.0000	0.0000	0.0000	0.0000	0.0000	0.0000	0.0000	0.0000	0.0000	0.0000	0.0000	0.0000	0.0000	0.0000	0.0000	0.0000	0.0000	0.0000	0.0000	0.0000	0.0000	0.0000	0.0000	0.0000	0.0000	0.0000	0.0000	0.0000	0.0000	0.0000	0.0000	0.0000	0.0000	0.0000	0.0000	0.0000	0.0000	0.0000	0.0000	0.0000	0.0000	0.0000	0.0000	0.0000	0.0000	0.0000	0.0000	
70	0.0000	0.0000	0.0000	0.0000	0.0000	0.0000	0.0000	0.0000	0.0000	0.0000	0.0000	0.0000	0.0000	0.0000	0.0000	0.0000	0.0000	0.0000	0.0000	0.0000	0.0000	0.0000	0.0000	0.0000	0.0000	0.0000	0.0000	0.0000	0.0000	0.0000	0.0000	0.0000	0.0000	0.0000	0.0000	0.0000	0.0000	0.0000	0.0000	0.0000	0.0000	0.0000	0.0000	0.0000	0.0000	0.0000	0.0000	0.0000	0.0000	0.0000	
71	0.0000	0.0000	0.0000	0.0000	0.0000	0.0000	0.0000	0.0000	0.0000	0.0000	0.0000	0.0000	0.0000	0.0000	0.0000	0.0000	0.0000	0.0000	0.0000	0.0000	0.0000	0.0000	0.0000	0.0000	0.0000	0.0000	0.0000	0.0000	0.0000	0.0000	0.0000	0.0000	0.0000	0.0000	0.0000	0.0000	0.0000	0.0000	0.0000	0.0000	0.0000	0.0000	0.0000	0.0000	0.0000	0.0000	0.0000	0.0000	0.0000	0.0000	
72	0.0000	0.0000	0.0000	0.0000	0.0000	0.0000	0.0000	0.0000	0.0000	0.0000	0.0000	0.0000	0.0000	0.0000	0.0000	0.0000	0.0000	0.0000	0.0000	0.0000	0.0000	0.0000	0.0000	0.0000	0.0000	0.0000	0.0000	0.0000	0.0000	0.0000	0.0000	0.0000	0.0000	0.0000	0.0000	0.0000	0.0000	0.0000	0.0000	0.0000	0.0000	0.0000	0.0000	0.0000	0.0000	0.0000	0.0000	0.0000	0.0000	0.0000	
73	0.0000	0.0000	0.0000	0.0000	0.0000	0.0000	0.0000	0.0000	0.0000	0.0000	0.0000	0.0000	0.0000	0.0000	0.0000	0.0000	0.0000	0.0000	0.0000	0.0000	0.0000	0.0000	0.0000	0.0000	0.0000	0.0000	0.0000	0.0000	0.0000	0.0000	0.0000	0.0000	0.0000	0.0000	0.0000	0.0000	1.0000	0.0000	0.0000	0.0000	0.0000	0.0000	0.0000	0.0000	0.0000	0.0000	0.0000	0.0000	0.0000	0.0000	
74	0.0000	0.0000	0.0000	0.0000	0.0000	0.0000	0.0000	0.0000	0.0000	0.0000	0.0000	0.0000	0.0000	0.0000	0.0000	0.0000	0.0000	0.0000	0.0000	0.0000	0.0000	0.0000	0.0000	0.0000	0.0000	0.0000	0.0000	0.0000	0.0000	0.0000	0.0000	0.0000	0.0000	0.0000	0.0000	0.0000	0.0000	0.0000	0.0000	0.0000	0.0000	0.0000	0.0000	0.0000	0.0000	0.0000	0.0000	0.0000	0.0000	0.0000	
75	0.0000	0.0000	0.0000	0.0000	0.0000	0.0000	0.0000	0.0000	0.0000	0.0000	0.0000	0.0000	0.0000	0.0000	0.0000	0.0000	0.0000	0.0000	0.0000	0.0000	0.0000	0.0000	0.0000	0.0000	0.0000	0.0000	0.0000	0.0000	0.0000	0.0000	0.0000	0.0000	0.0000	0.0000	0.0000	0.0000	0.0000	0.0000	0.0000	0.0000	0.0000	0.0000	0.0000	0.0000	0.0000	0.0000	0.0000	0.0000	0.0000	0.0000	
76	0.0000	0.0000	0.0000	0.0000	0.0000	0.0000	0.0000	0.0000	0.0000	0.0000	0.0000	0.0000	0.0000	0.0000	0.0000	0.0000	0.0000	0.0000	0.0000	0.0000	0.0000	0.0000	0.0000	0.0000	0.0000	0.0000	0.0000	0.0000	0.0000	0.0000	0.0000	0.0000	0.0000	0.0000	0.0000	1.0000	0.0000	0.0000	0.0000	0.0000	0.0000	0.0000	0.0000	0.0000	0.0000	0.0000	0.0000	0.0000	0.0000	0.0000	
77	0.0000	0.0000	0.0000	0.0000	0.0000	0.0000	0.0000	0.0000	0.0000	0.0000	0.0000	0.0000	0.0000	0.0000	0.0000	0.0000	0.0000	0.0000	0.0000	0.0000	0.0000	0.0000	0.0000	0.0000	0.0000	0.0000	0.0000	0.0000	0.0000	0.0000	0.0000	0.0000	0.0000	0.0000	0.0000	0.0000	0.0000	0.0000	0.0000	0.0000	0.0000	0.0000	0.0000	0.0000	0.0000	0.0000	0.0000	0.0000	0.0000	0.0000	
78	0.0000	0.0000	0.0000	0.0000	0.0000	0.0000	0.0000	0.0000	0.0000	0.0000	0.0000	0.0000	0.0000	0.0000	0.0000	0.0000	0.0000	0.0000	0.0000	0.0000	0.0000	0.0000	0.0000	0.0000	0.0000	0.0000	0.0000	0.0000	0.0000	0.0000	0.0000	0.0000	0.0000	0.0000	0.0000	0.0000	0.0000	0.0000	0.0000	0.0000	0.0000	0.0000	0.0000	0.0000	0.0000	0.0000	0.0000	0.0000	0.0000	0.0000	
79	1.0000	0.0000	0.0000	0.0000	0.0000	0.0000	0.0000	0.0000	0.0000	0.0000	0.0000	0.0000	0.0000	0.0000	0.0000	0.0000	0.0000	0.0000	0.0000	0.0000	0.0000	0.0000	0.0000	0.0000	0.0000	0.0000	0.0000	0.0000	0.0000	0.0000	0.0000	0.0000	0.0000	0.0000	0.0000	0.0000	0.0000	0.0000	0.0000	0.0000	0.0000	0.0000	0.0000	0.0000	0.0000	0.0000	0.0000	0.0000	0.0000	0.0000	
80	0.0000	0.0000	0.0000	0.0000	0.0000	0.0000	0.0000	0.0000	0.0000	0.0000	0.0000	0.0000	0.0000	0.0000	0.0000	0.0000	0.0000	0.0000	0.0000	0.0000	0.0000	0.0000	0.0000	0.0000	0.0000	0.0000	0.0000	0.0000	0.0000	0.0000	0.0000	0.0000	0.0000	0.0000	0.0000	0.0000	0.0000	0.0000	0.0000	0.0000	0.0000	0.0000	0.0000	0.0000	0.0000	0.0000	1.0000	0.0000	0.0000	0.0000	
81	0.0000	0.0000	0.0000	0.0000	0.0000	0.0000	0.0000	0.0000	0.0000	0.0000	0.0000	0.0000	0.0000	0.0000	0.0000	0.0000	0.0000	0.0000	0.0000	0.0000	0.0000	0.0000	0.0000	0.0000	0.0000	0.0000	0.0000	0.0000	0.0000	0.0000	0.0000	0.0000	0.0000	0.0000	0.0000	0.0000	0.0000	0.0000	0.0000	1.0000	0.0000	0.0000	1.0000	0.0000	0.0000	0.0000	0.0000	0.0000	0.0000	0.0000	
82	0.0000	0.0000	0.0000	0.0000	0.0000	0.0000	0.0000	0.0000	0.0000	0.0000	0.0000	0.0000	0.0000	0.0000	0.0000	0.0000	0.0000	0.0000	0.0000	0.0000	0.0000	0.0000	0.0000	0.0000	0.0000	0.0000	0.0000	0.0000	0.0000	0.0000	0.0000	0.0000	0.0000	0.0000	0.0000	0.0000	0.0000	0.0000	0.0000	0.0000	0.0000	0.0000	0.0000	0.0000	0.0000	0.0000	0.0000	0.0000	0.0000	0.0000	
83	0.0000	0.0000	0.0000	0.0000	0.0000	0.0000	0.0000	0.0000	0.0000	0.0000	0.0000	0.0000	0.0000	0.0000	0.0000	0.0000	0.0000	0.0000	0.0000	0.0000	0.0000	0.0000	0.0000	0.0000	0.0000	0.0000	0.0000	0.0000	0.0000	0.0000	0.0000	0.0000	0.0000	0.0000	0.0000	0.0000	0.0000	0.0000	0.0000	0.0000	1.0000	0.0000	0.0000	0.0000	0.0000	0.0000	0.0000	0.0000	0.0000	0.0000	
84	0.0000	0.0000	0.0000	1.0000	0.0000	0.0000	1.0000	0.0000	0.0000	0.0000	0.0000	0.0000	0.0000	0.0000	0.0000	0.0000	0.0000	0.0000	0.0000	0.0000	0.0000	0.0000	0.0000	0.0000	0.0000	0.0000	0.0000	0.0000	0.0000	0.0000	0.0000	0.0000	0.0000	0.0000	0.0000	0.0000	0.0000	0.0000	0.0000	0.0000	0.0000	0.0000	0.0000	0.0000	0.0000	0.0000	0.0000	0.0000	0.0000	0.0000	
85	0.0000	0.0000	0.0000	0.0000	0.0000	0.0000	0.0000	0.0000	0.0000	0.0000	0.0000	0.0000	0.0000	0.0000	0.0000	0.0000	0.0000	0.0000	0.0000	0.0000	0.0000	0.0000	0.0000	0.0000	0.0000	0.0000	0.0000	0.0000	0.0000	0.0000	0.0000	0.0000	0.0000	0.0000	0.0000	0.0000	0.0000	0.0000	0.0000	0.0000	0.0000	0.0000	0.0000	0.0000	0.0000	0.0000	0.0000	0.0000	0.0000	0.0000	
86	0.0000	0.0000	0.0000	0.0000	0.0000	0.0000	0.0000	0.0000	0.0000	0.0000	0.0000	0.0000	0.0000	0.0000	0.0000	0.0000	0.0000	0.0000	0.0000	0.0000	0.0000	0.0000	0.0000	0.0000	0.0000	0.0000	0.0000	0.0000	0.0000	0.0000	0.0000	0.0000	0.0000	0.0000	0.0000	0.0000	0.0000	0.0000	0.0000	0.0000	0.0000	0.0000	0.0000	0.0000	0.0000	0.0000	0.0000	0.0000	0.0000	0.0000	
87	0.0000	0.0000	0.0000	0.0000	0.0000	0.0000	0.0000	0.0000	1.0000	0.0000	0.0000	0.0000	0.0000	0.0000	0.0000	0.0000	0.0000	0.0000	0.0000	0.0000	0.0000	0.0000	0.0000	0.0000	0.0000	0.0000	0.0000	0.0000	0.0000	0.0000	0.0000	0.0000	0.0000	0.0000	0.0000	0.0000	0.0000	0.0000	0.0000	0.0000	0.0000	0.0000	0.0000	0.0000	0.0000	0.0000	0.0000	0.0000	0.0000	0.0000	
88	0.0000	0.0000	0.0000	0.0000	0.0000	0.0000	0.0000	0.0000	0.0000	0.0000	0.0000	0.0000	0.0000	0.0000	0.0000	0.0000	0.0000	0.0000	0.0000	0.0000	0.0000	0.0000	0.0000	0.0000	0.0000	0.0000	0.0000	0.0000	0.0000	0.0000	1.0000	0.0000	0.0000	0.0000	0.0000	0.0000	0.0000	0.0000	0.0000	0.0000	0.0000	0.0000	0.0000	0.0000	0.0000	0.0000	0.0000	0.0000	0.0000	0.0000	
89	0.0000	0.0000	0.0000	0.0000	0.0000	0.0000	0.0000	0.0000	0.0000	0.0000	0.0000	0.0000	0.0000	0.0000	0.0000	0.0000	0.0000	0.0000	0.0000	0.0000	0.0000	0.0000	0.0000	0.0000	0.0000	0.0000	0.0000	0.0000	0.0000	0.0000	0.0000	0.0000	0.0000	0.0000	0.0000	0.0000	0.0000	0.0000	0.0000	0.0000	0.0000	0.0000	0.0000	0.0000	0.0000	0.0000	0.0000	0.0000	0.0000	0.0000	
90	0.0000	0.0000	0.0000	0.0000	0.0000	0.0000	0.0000	0.0000	0.0000	0.0000	1.0000	0.0000	0.0000	0.0000	0.0000	0.0000	0.0000	0.0000	1.0000	0.0000	0.0000	0.0000	0.0000	0.0000	0.0000	0.0000	0.0000	0.0000	0.0000	0.0000	0.0000	0.0000	0.0000	0.0000	0.0000	0.0000	0.0000	0.0000	0.0000	0.0000	0.0000	0.0000	0.0000	0.0000	0.0000	0.0000	0.0000	0.0000	0.0000	0.0000	
91	0.0000	0.0000	0.0000	0.0000	0.0000	0.0000	0.0000	0.0000	0.0000	0.0000	0.0000	0.0000	0.0000	1.0000	0.0000	0.0000	0.0000	0.0000	0.0000	0.0000	0.0000	0.0000	0.0000	0.0000	0.0000	0.0000	0.0000	0.0000	0.0000	0.0000	0.0000	0.0000	1.0000	0.0000	0.0000	0.0000	0.0000	0.0000	0.0000	0.0000	0.0000	0.0000	0.0000	0.0000	0.0000	0.0000	0.0000	0.0000	0.0000	0.0000	
92	0.0000	0.0000	0.0000	0.0000	0.0000	0.0000	0.0000	0.0000	0.0000	0.0000	0.0000	0.0000	0.0000	0.0000	0.0000	0.0000	0.0000	0.0000	0.0000	0.0000	0.0000	0.0000	0.0000	0.0000	0.0000	0.0000	0.0000	0.0000	0.0000	1.0000	0.0000	0.0000	0.0000	0.0000	0.0000	0.0000	0.0000	0.0000	0.0000	0.0000	0.0000	0.0000	0.0000	0.0000	0.0000	0.0000	0.0000	0.0000	0.0000	0.0000	
93	0.0000	0.0000	0.0000	0.0000	0.0000	0.0000	0.0000	0.0000	0.0000	0.0000	0.0000	0.0000	0.0000	0.0000	0.0000	0.0000	0.0000	0.0000	0.0000	0.0000	0.0000	0.0000	0.0000	0.0000	0.0000	0.0000	0.0000	0.0000	0.0000	0.0000	0.0000	0.0000	0.0000	0.0000	0.0000	0.0000	0.0000	0.0000	0.0000	0.0000	0.0000	0.0000	0.0000	0.0000	0.0000	0.0000	0.0000	0.0000	0.0000	0.0000	
94	0.0000	0.0000	0.0000	0.0000	0.0000	0.0000	0.0000	0.0000	0.0000	0.0000	0.0000	0.0000	0.0000	0.0000	0.0000	0.0000	0.0000	0.0000	0.0000	0.0000	0.0000	0.0000	0.0000	0.0000	0.0000	0.0000	0.0000	0.0000	0.0000	0.0000	0.0000	0.0000	0.0000	0.0000	0.0000	0.0000	0.0000	0.0000	0.0000	0.0000	0.0000	0.0000	0.0000	0.0000	0.0000	0.0000	0.0000	0.0000	0.0000	0.0000	
95	0.0000	0.0000	0.0000	0.0000	0.0000	0.0000	0.0000	0.0000	0.0000	0.0000	0.0000	1.0000	0.0000	0.0000	0.0000	0.0000	0.0000	1.0000	0.0000	0.0000	0.0000	1.0000	0.0000	0.0000	0.0000	0.0000	0.0000	1.0000	0.0000	0.0000	0.0000	0.0000	0.0000	0.0000	0.0000	0.0000	0.0000	0.0000	1.0000	0.0000	0.0000	0.0000	0.0000	0.0000	0.0000	0.0000	0.0000	0.0000	0.0000	0.0000	
96	0.0000	0.0000	0.0000	0.0000	0.0000	0.0000	0.0000	0.0000	0.0000	0.0000	0.0000	0.0000	0.0000	0.0000	0.0000	0.0000	0.0000	0.0000	0.0000	0.0000	0.0000	0.0000	1.0000	0.0000	0.0000	0.0000	0.0000	0.0000	0.0000	0.0000	0.0000	0.0000	0.0000	0.0000	0.0000	0.0000	0.0000	0.0000	0.0000	0.0000	0.0000	0.0000	0.0000	0.0000	0.0000	0.0000	0.0000	0.0000	0.0000	0.0000	
97	0.0000	0.0000	0.0000	0.0000	0.0000	0.0000	0.0000	0.0000	0.0000	0.0000	0.0000	0.0000	0.0000	0.0000	0.0000	0.0000	0.0000	0.0000	0.0000	0.0000	0.0000	0.0000	0.0000	0.0000	0.0000	0.0000	0.0000	0.0000	0.0000	0.0000	0.0000	0.0000	0.0000	0.0000	0.0000	0.0000	0.0000	0.0000	0.0000	0.0000	0.0000	0.0000	0.0000	0.0000	0.0000	0.0000	0.0000	0.0000	0.0000	0.0000	
98	0.0000	0.0000	0.0000	0.0000	0.0000	0.0000	0.0000	1.0000	0.0000	0.0000	0.0000	0.0000	0.0000	0.0000	0.0000	0.0000	0.0000	0.0000	0.0000	0.0000	0.0000	0.0000	0.0000	0.0000	0.0000	0.0000	1.0000	0.0000	0.0000	0.0000	0.0000	0.0000	0.0000	0.0000	0.0000	0.0000	0.0000	0.0000	0.0000	0.0000	0.0000	0.0000	0.0000	0.0000	0.0000	0.0000	0.0000	0.0000	0.0000	0.0000	
99	0.0000	0.0000	0.0000	0.0000	0.0000	0.0000	0.0000	0.0000	0.0000	0.0000	0.0000	0.0000	0.0000	0.0000	0.0000	0.0000	0.0000	0.0000	0.0000	0.0000	0.0000	0.0000	0.0000	0.0000	0.0000	0.0000	0.0000	0.0000	0.0000	0.0000	0.0000	0.0000	0.0000	0.0000	0.0000	0.0000	0.0000	0.0000	0.0000	0.0000	0.0000	0.0000	0.0000	0.0000	0.0000	0.0000	0.0000	0.0000	0.0000	0.0000	
100	0.0000	0.0000	0.0000	0.0000	0.0000	0.0000	0.0000	0.0000	0.0000	1.0000	0.0000	0.0000	0.0000	0.0000	0.0000	0.0000	0.0000	0.0000	0.0000	0.0000	0.0000	0.0000	0.0000	0.0000	0.0000	0.0000	0.0000	0.0000	0.0000	0.0000	0.0000	0.0000	0.0000	0.0000	0.0000	0.0000	0.0000	0.0000	0.0000	0.0000	0.0000	0.0000	0.0000	0.0000	0.0000	0.0000	0.0000	0.0000	0.0000	0.0000	
101	0.0000	0.0000	0.0000	0.0000	0.0000	0.0000	0.0000	0.0000	0.0000	0.0000	0.0000	0.0000	0.0000	0.0000	0.0000	1.0000	0.0000	0.0000	0.0000	0.0000	0.0000	0.0000	0.0000	0.0000	0.0000	0.0000	0.0000	0.0000	0.0000	0.0000	0.0000	0.0000	0.0000	0.0000	1.0000	0.0000	0.0000	0.0000	0.0000	0.0000	0.0000	0.0000	0.0000	0.0000	0.0000	0.0000	0.0000	0.0000	0.0000	0.0000	
102	0.0000	0.0000	0.0000	0.0000	0.0000	0.0000	0.0000	0.0000	0.0000	0.0000	0.0000	0.0000	0.0000	0.0000	0.0000	0.0000	0.0000	0.0000	0.0000	0.0000	0.0000	0.0000	0.0000	0.0000	0.0000	0.0000	0.0000	0.0000	0.0000	0.0000	0.0000	0.0000	0.0000	0.0000	0.0000	0.0000	0.0000	0.0000	0.0000	0.0000	0.0000	0.0000	0.0000	0.0000	0.0000	0.0000	0.0000	0.0000	0.0000	0.0000	
103	0.0000	0.0000	0.0000	0.0000	0.0000	0.0000	0.0000	0.0000	0.0000	0.0000	0.0000	0.0000	0.0000	0.0000	0.0000	0.0000	0.0000	0.0000	0.0000	0.0000	0.0000	0.0000	0.0000	0.0000	0.0000	0.0000	0.0000	0.0000	0.0000	0.0000	0.0000	0.0000	0.0000	0.0000	0.0000	0.0000	0.0000	0.0000	0.0000	0.0000	0.0000	0.0000	0.0000	0.0000	0.0000	0.0000	0.0000	0.0000	0.0000	0.0000	
104	0.0000	0.0000	0.0000	0.0000	0.0000	0.0000	0.0000	0.0000	0.0000	0.0000	0.0000	0.0000	0.0000	0.0000	0.0000	0.0000	0.0000	0.0000	0.0000	0.0000	0.0000	0.0000	0.0000	0.0000	0.0000	0.0000	0.0000	0.0000	0.0000	0.0000	0.0000	0.0000	0.0000	0.0000	0.0000	0.0000	0.0000	0.0000	0.0000	0.0000	0.0000	0.0000	0.0000	0.0000	0.0000	0.0000	0.0000	0.0000	0.0000	0.0000	
105	0.0000	0.0000	0.0000	0.0000	0.0000	0.0000	0.0000	0.0000	0.0000	0.0000	0.0000	0.0000	0.0000	0.0000	0.0000	0.0000	0.0000	0.0000	0.0000	0.0000	0.0000	0.0000	0.0000	0.0000	0.0000	0.0000	0.0000	0.0000	0.0000	0.0000	0.0000	0.0000	0.0000	0.0000	0.0000	0.0000	0.0000	0.0000	0.0000	0.0000	0.0000	0.0000	0.0000	0.0000	0.0000	0.0000	0.0000	0.0000	0.0000	0.0000	
106	0.0000	0.0000	0.0000	0.0000	0.0000	0.0000	0.0000	0.0000	0.0000	0.0000	0.0000	0.0000	0.0000	0.0000	0.0000	0.0000	0.0000	0.0000	0.0000	0.0000	0.0000	0.0000	0.0000	0.0000	0.0000	0.0000	0.0000	0.0000	0.0000	0.0000	0.0000	0.0000	0.0000	0.0000	0.0000	0.0000	0.0000	0.0000	0.0000	0.0000	0.0000	0.0000	0.0000	0.0000	0.0000	0.0000	0.0000	0.0000	1.0000	0.0000	
107	0.0000	1.0000	0.0000	0.0000	0.0000	0.0000	0.0000	0.0000	0.0000	0.0000	0.0000	0.0000	0.0000	0.0000	0.0000	0.0000	0.0000	0.0000	0.0000	0.0000	1.0000	0.0000	0.0000	0.0000	0.0000	0.0000	0.0000	0.0000	0.0000	0.0000	0.0000	1.0000	0.0000	0.0000	0.0000	0.0000	0.0000	0.0000	0.0000	0.0000	0.0000	0.0000	0.0000	0.0000	0.0000	0.0000	0.0000	0.0000	0.0000	0.0000	
108	0.0000	0.0000	0.0000	0.0000	0.0000	0.0000	0.0000	0.0000	0.0000	0.0000	0.0000	0.0000	0.0000	0.0000	0.0000	0.0000	0.0000	0.0000	0.0000	0.0000	0.0000	0.0000	0.0000	0.0000	0.0000	0.0000	0.0000	0.0000	0.0000	0.0000	0.0000	0.0000	0.0000	0.0000	0.0000	0.0000	0.0000	0.0000	0.0000	0.0000	0.0000	0.0000	0.0000	0.0000	0.0000	0.0000	0.0000	0.0000	0.0000	0.0000	
109	0.0000	0.0000	0.0000	0.0000	0.0000	0.0000	0.0000	0.0000	0.0000	0.0000	0.0000	0.0000	0.0000	0.0000	1.0000	0.0000	0.0000	0.0000	0.0000	0.0000	0.0000	0.0000	0.0000	0.0000	0.0000	0.0000	0.0000	0.0000	0.0000	0.0000	0.0000	0.0000	0.0000	0.0000	0.0000	0.0000	0.0000	0.0000	0.0000	0.0000	0.0000	0.0000	0.0000	0.0000	0.0000	0.0000	0.0000	0.0000	0.0000	0.0000	
110	0.0000	0.0000	0.0000	0.0000	0.0000	0.0000	0.0000	0.0000	0.0000	0.0000	0.0000	0.0000	0.0000	0.0000	0.0000	0.0000	0.0000	0.0000	0.0000	0.0000	0.0000	0.0000	0.0000	0.0000	0.0000	0.0000	0.0000	0.0000	0.0000	0.0000	0.0000	0.0000	0.0000	0.0000	0.0000	0.0000	0.0000	0.0000	0.0000	0.0000	0.0000	0.0000	0.0000	0.0000	0.0000	0.0000	0.0000	0.0000	0.0000	0.0000	
111	0.0000	0.0000	0.0000	0.0000	0.0000	0.0000	0.0000	0.0000	0.0000	0.0000	0.0000	0.0000	0.0000	0.0000	0.0000	0.0000	0.0000	0.0000	0.0000	0.0000	0.0000	0.0000	0.0000	0.0000	0.0000	0.0000	0.0000	0.0000	0.0000	0.0000	0.0000	0.0000	0.0000	0.0000	0.0000	0.0000	0.0000	0.0000	0.0000	0.0000	0.0000	0.0000	0.0000	0.0000	0.0000	1.0000	0.0000	0.0000	0.0000	0.0000	
112	0.0000	0.0000	0.0000	0.0000	0.0000	1.0000	0.0000	0.0000	0.0000	0.0000	0.0000	0.0000	0.0000	0.0000	0.0000	0.0000	0.0000	0.0000	0.0000	0.0000	0.0000	0.0000	0.0000	0.0000	0.0000	0.0000	0.0000	0.0000	0.0000	0.0000	0.0000	0.0000	0.0000	0.0000	0.0000	0.0000	0.0000	0.0000	0.0000	0.0000	0.0000	0.0000	0.0000	0.0000	0.0000	0.0000	0.0000	0.0000	0.0000	0.0000	
113	0.0000	0.0000	0.0000	0.0000	0.0000	0.0000	0.0000	0.0000	0.0000	0.0000	0.0000	0.0000	0.0000	0.0000	0.0000	0.0000	0.0000	0.0000	0.0000	0.0000	0.0000	0.0000	0.0000	0.0000	0.0000	1.0000	0.0000	0.0000	0.0000	0.0000	0.0000	0.0000	0.0000	0.0000	0.0000	0.0000	0.0000	0.0000	0.0000	0.0000	0.0000	0.0000	0.0000	0.0000	0.0000	0.0000	0.0000	0.0000	0.0000	0.0000	
114	0.0000	0.0000	0.0000	0.0000	0.0000	0.0000	0.0000	0.0000	0.0000	0.0000	0.0000	0.0000	0.0000	0.0000	0.0000	0.0000	0.0000	0.0000	0.0000	0.0000	0.0000	0.0000	0.0000	0.0000	0.0000	0.0000	0.0000	0.0000	0.0000	0.0000	0.0000	0.0000	0.0000	0.0000	0.0000	0.0000	0.0000	0.0000	0.0000	0.0000	0.0000	0.0000	0.0000	0.0000	0.0000	0.0000	0.0000	0.0000	0.0000	0.0000	
115	0.0000	0.0000	0.0000	0.0000	0.0000	0.0000	0.0000	0.0000	0.0000	0.0000	0.0000	0.0000	0.0000	0.0000	0.0000	0.0000	0.0000	0.0000	0.0000	0.0000	0.0000	0.0000	0.0000	0.0000	0.0000	0.0000	0.0000	0.0000	0.0000	0.0000	0.0000	0.0000	0.0000	0.0000	0.0000	0.0000	0.0000	0.0000	0.0000	0.0000	0.0000	0.0000	0.0000	1.0000	0.0000	0.0000	0.0000	0.0000	0.0000	0.0000	
116	0.0000	0.0000	0.0000	0.0000	0.0000	0.0000	0.0000	0.0000	0.0000	0.0000	0.0000	0.0000	0.0000	0.0000	0.0000	0.0000	0.0000	0.0000	0.0000	0.0000	0.0000	0.0000	0.0000	0.0000	0.0000	0.0000	0.0000	0.0000	0.0000	0.0000	0.0000	0.0000	0.0000	0.0000	0.0000	0.0000	0.0000	0.0000	0.0000	0.0000	0.0000	0.0000	0.0000	0.0000	0.0000	0.0000	0.0000	0.0000	0.0000	0.0000	
117	0.0000	0.0000	0.0000	0.0000	0.0000	0.0000	0.0000	0.0000	0.0000	0.0000	0.0000	0.0000	0.0000	0.0000	0.0000	0.0000	0.0000	0.0000	0.0000	0.0000	0.0000	0.0000	0.0000	0.0000	0.0000	0.0000	0.0000	0.0000	0.0000	0.0000	0.0000	0.0000	0.0000	0.0000	0.0000	0.0000	0.0000	0.0000	0.0000	0.0000	0.0000	0.0000	0.0000	0.0000	0.0000	0.0000	0.0000	0.0000	0.0000	0.0000	
118	0.0000	0.0000	0.0000	0.0000	0.0000	0.0000	0.0000	0.0000	0.0000	0.0000	0.0000	0.0000	0.0000	0.0000	0.0000	0.0000	1.0000	0.0000	0.0000	0.0000	0.0000	0.0000	0.0000	0.0000	0.0000	0.0000	0.0000	0.0000	0.0000	0.0000	0.0000	0.0000	0.0000	0.0000	0.0000	0.0000	0.0000	0.0000	0.0000	0.0000	0.0000	0.0000	0.0000	0.0000	0.0000	0.0000	0.0000	0.0000	0.0000	0.0000	
119	0.0000	0.0000	0.0000	0.0000	0.0000	0.0000	0.0000	0.0000	0.0000	0.0000	0.0000	0.0000	0.0000	0.0000	0.0000	0.0000	0.0000	0.0000	0.0000	0.0000	0.0000	0.0000	0.0000	0.0000	0.0000	0.0000	0.0000	0.0000	0.0000	0.0000	0.0000	0.0000	0.0000	0.0000	0.0000	0.0000	0.0000	0.0000	0.0000	0.0000	0.0000	0.0000	0.0000	0.0000	0.0000	0.0000	0.0000	0.0000	0.0000	0.0000	
120	0.0000	0.0000	0.0000	0.0000	0.0000	0.0000	0.0000	0.0000	0.0000	0.0000	0.0000	0.0000	0.0000	0.0000	0.0000	0.0000	0.0000	0.0000	0.0000	0.0000	0.0000	0.0000	0.0000	0.0000	0.0000	0.0000	0.0000	0.0000	0.0000	0.0000	0.0000	0.0000	0.0000	0.0000	0.0000	0.0000	0.0000	0.0000	0.0000	0.0000	0.0000	1.0000	0.0000	0.0000	0.0000	0.0000	0.0000	0.0000	0.0000	0.0000	
;
